s	-1.893739517016341665983638444144885628475014674244183303912052567496352772207434142969100349982064891339763604988358607158803526238454879776685815552482381	-0.414946124659005446033255574330787247139745875274512949335553100798549590936647502400807356305211894780849588233615173087683677897364036058528092180692213
N	75

#1:i	 #2:Real(Cheb_phi_QNM)	 #3:Imag(Cheb_phi_QNM)
0	-1.1145948475552685637421088226779327740270733436090494868491050007885112780180394811459683607037912454046915717672774873583480926995711435238120842946041	-1.18780159638668911045497577444528706115189674172151606064440530239659252173281989392088705843723451585531602189806098785851425422281420178407266761789277
1	0.90469434902261091645668316605837857103659226270799136939770949334404067710214831291522578597109659896743988264477887889252620663155851971526407013348007	0.6071136229880122203666148765692330825509409786500592388902330694082252937261740463492511592593248287229750134675218407167965945699072979318896328546027
2	0.33800243302266844798424667723933493757322561066898658365387538776365255360853046238075721043056802713540504215947989527831917787704023762295824796009457	0.059720580854608512205767315645944818679735019684413815858835155215929843049209956819197693164529515153178235441258647508751578574471823981987013771953
3	0.10088736006389285161258753963908810214585471672971372606452160099288715692290625764624258085417460284258513941870631431528725532198000617116635181613723	-0.08165960648583363381972317214307402175784004098366834410931250477981672630746482721760684725321461718525183050630300741959346128787909202861879117841886
4	0.0553409494852242568598459922562225015688188656253533379506127338823427794257542600045608713261606157630073245576713333931546572901445616803112532687878	-0.04079929463914218730384318390890302441771929757998535254799458427599964944961176659651344524416641256894934944526531606423198135318517776885970878795518
5	0.05597667496896113127706081620768420346407423411128377135955212087307711663710180711524218047252009602689750122842494941483701989099624999028645134004341	0.00847217667243946153447198331116075002704909093304300238974110899130698798394925036485385300709841720788973765571736851591350789412026352006618545428784
6	0.04539828358127807254589977526324543327316405129738500876395866907507539328586378386980034229635058417841097040566711431245972452884372610630967202523883	0.01887049871819740652546272029345003265380729462429167796882566481091994950671094899576226864059892701970583665487960258350832981546943655874897806161716
7	0.02897545241973852846979529766093293883860674438355126001921729858226831200709477173189113488921325466507301499423633706411506440099361170971195945638541	0.01265161768351082813545356479452076392203772214687753781090448471601038443298829232480729507226697671083953616868266156892360870591366060362036034587169
8	0.01548265933050975412110755840927681409719380799558374512717327036818804979291774421853221918453215851087564921149228249648044800787645459804671870398828	0.0057865548436653656760507999426176388425870265489268959614561805692647572127172238911322011808424023872959799094738271848649281994885156640689839094602
9	0.00731973595478503366820821293302067984146445634622487451303951119330482829297538783239782360847047420655236006913067755540900549087664596076865769969347	0.00220221844492786093472131456646729397275028154872631944780552479069945961719939944192516494690390264332772907423597167749228920773835328976669251005863
10	0.00317158491468969536508530915596294785519700791330500288024264457019849588812869794108029412104970421101430928828298247484076775640212947752838114392651	0.00082917832443520214460877739334849980273648306415592423943139744381565265010561997603305028414408561647604813663461651147760892359320349784696482447465
11	0.00128696208083550935931391048456791718827404843104335140071815345628018722857649520522734060227264442307012353549306899438077406628544568996774272717574	0.00036292810771974152840763781883680604512346782452803064434009367386952681456786817822304600658626095439873563624542355211962966524115195281659814424778
12	0.00049373446871246147884551059673175286427759204067346629791450539571700658787302166742116613411199483034589411656665796279335157928574937939363454145182	0.00018288256721139271704111125580892858159882110186282629983040793511106739858892566585498368104883603241198581538535580769080923773267953184613639291382
13	0.00017916660724944071580577290305850697026397597502736858138794138081191792444024625718432208702395857024864349752270129158677633553396325888902725332356	0.00009324391629316780805946943273240280733529510073666214184490613740168071049234597731544159248852777407490449116300859686960966637969956877859860952793
14	0.00006113636601093258781545833172636885743742271379295741517785152463505850614425288163403748323896769143781254764077778689626641587520637125803257471215	0.00004414780883347510733948538691230284787161522611961759340209429077413249625251804998695036332407529077021926194798484877292772884622261011252023987661
15	0.00001941774624337359390075765230215891379466624130602503083463534221594126293593201933662828445680545955645322032817483749088392308658226085669119649033	0.00001891517668304908414990927690200679113542208122427349592408400030388127276138326107023568848093648363320401710595728241784879889653107077934153030475
16	5.65750409971466817870853037380795451378182592131165437331707880198256066526015483301221306624348109857735275867308554883322053272788348836846176139e-6	7.33573712985824479666535730215296183084270771388567562573713991457383515676218554089252449740146716676910433051661555273774571751084956340024918394e-6
17	1.47826792546773096400155840655415292712825561970438539878967781876033949784992768027806059345461326138693522525338578417578634359595331796057082978e-6	2.59604236164317227632179523161193806816276899261283856615071974810814004991327366703252398952830167879659761240498554124565771399158726298014260964e-6
18	3.3174042950791686317875717121907830275345560763780591223249358958600528293141569311459109167451759018146617675593058119074902857864619418087492683e-7	8.463105947051226880966391730862456481465470363223165663227508315614195926954218193808371029616032227277076242815623797834441097492174577347178644e-7
19	5.699899177040473560202260789795564509432601987790065006931665225344790442164832746676474576479872037900300087716487519474904505170167687199211737e-8	2.5644830537562883451224443863493559095185248821755306182856607219180040581923969801981572702378688727993973801408849710162575401764240211219593722e-7
20	3.79272963386530632230642614302462902814868603826149865550684766212900681533950038362081878576820338875266390614763605735388916671824622006668966e-9	7.279319591956408633214628222987772898633319144748599440724913935122520151857400329653199782281301769685611873631809862574626065786570021031790456e-8
21	-2.34435578780593314058322322623216157025461088530750364561849792461525359420052970993241435097827020301898701448241470065004215881708951991508371e-9	1.94673617610548110128823844703661876571551941312495181211991891739312870990074773665129663569640985698946201961918881510560290747883786678760524e-8
22	-1.44291294833785066698190928693281256337945172428442177611759673741098298506499044988408873771951599179443221239421046802004276202028080996518353e-9	4.917690101558788474077774840885766782871391619184621289556405474520282527747532510062502272815926052926999605967138801431081509438167551871223e-9
23	-5.4495066313847290494120239441995791903997094892706822245897759036048535626962416792035051298462876342609012383972898604349783758488714362329274e-10	1.17069047818409743736206330681408983192382737071738245513249755949929349609551246450381053806012001874734444125420091651123097804688842789652404e-9
24	-1.674531100830921894411684989395291740160231572973086177505819413042237295177560344115263056533886115614677089742271741117910529032784056192977e-10	2.6022171757224076377893953711803366017248631489000979356028939741147941370220542167173403286248748937055757692944920052271739198978765557233498e-10
25	-4.537424234585244274490760785544677180943262550872209806697438689015032827952271650801774617369195216314335196808329169804927575608282511340841e-11	5.301328406779617181754098786781712989357433091775818281221326416826761220021403192994447118278039229673908145445921679947216248062815371125669e-11
26	-1.13503822512504479414822839941551684117575079876335062232985574282212914569164670148620372013575275756350276980632791162077361697624019726661e-11	9.58435351465724072567574936254389200730314617086590850849845878720853921107629415930869719448417595968269184511167398190020088222417949659233e-12
27	-2.72232844356559308162015657816570696411136610560128576526410175712152609106491667173765659997133668547426466633318568403463194122494572284112e-12	1.45398806904077899676761697195143580315203353714629259252685780908525387069165397517681703823320466112815735316788778662459683934501958172085e-12
28	-6.4323347221843394657805735188783681290373414244514423648417177069767611520971573488120692164224225850464215391845328395146775000461201913829e-13	1.6619988314076066505656597304059064995924880183365582065680495113110859182573895525776354560545650492136668564982631822575521168368731547017e-13
29	-1.4960576070486407954686202960582556837871074929903133301568277937482273867944274817181990310047245118893476461297460845142336658466658625001e-13	1.144946762051585183642155652236058293876596962857952586550106516976776878209653602436193375911120975662422045235556077788926952240074165619e-14
30	-3.284742974520264940369770437831724152453147687499925060680412082861843419551993390365911989801506443519730659812662483642864884198514746427e-14	9.0527220751268172798378455736270266118219391589862066806055318987186121444160583070375317228434728400814375910667297347818061110336486336e-16
31	-6.23356396696472065529151271844626714156534921162705008392455648423241241121541349305982110773859990341765584186555816172108954213298020712e-15	6.8615051218230727824626741061446113395841478924442102484563305915720323654264391915655453385088301732211543695030242891156376900064836708e-16
32	-8.4485780189922631325693323392906258039032338878983783888530094241235597248626437973205883446417331164982701630537522198069125332858452809e-16	2.7922797996241759496296647688250697031308043557466850229182509165193777656870535513613753693856415571308147138010749266768984517802961907e-16
33	-1.992331853840317765084284744642417505447222681226139304465431354088992985903768039095239397098657004561524729355753803165459726616568817e-17	3.149950824928692802233517722517890176767556236089428571117728472053300852829715359927991710973743815257078577004543736683140166092244575e-17
34	2.614428904108595013165504314023045984490979674299575605986248979092217709514658649171436398130951012178541555869386235002099710335338728e-17	-2.323072512603829005875428710121443633609438804383826693226827763526053076619499477375616045316301280178653246583380602921114984502286071e-17
35	5.42291896982908969973370021186819911133351141483347663923972735337032469290218543200071927447722470983987850096347253074992807249626098e-18	-1.567735108803911473457923522355633689461889626967610365993816162426425838566012654184381337935197843123570746744978096607260758809420253e-17
36	-1.30462614759732640972866734419973841684056186996715006094905662120955465572060437233610515982111938449128697772877144740699872937538139e-18	-5.13869756013966745022163630784958300057365689537779350389587523395430873416200262392764731260676077346781438859026079676624054577026173e-18
37	-1.21470666359578145581951571150104203395693813921888427674180093666488670804293023230423686563676606142226881885057497376101688387137476e-18	-8.5712106953024989559641251854438414612510409748273555855061611830168087308495141172498767320340995634362125899158902076511445299195642e-19
38	-4.0947400085762143679588581693349345694647860792111755104761425199460057388309431210552107052682018355320574123095201029389940919771359e-19	8.480136252503578012813838534390179063499685379679241521099583747902620452556744918334594430806702153465387719390329080007858798283084e-20
39	-6.15432609693663327973902202540463187091627014539680514713849364186883298402411913074429517644258702309096876270999001748649439629094e-20	1.0843443896858241005254909540472565772456549359485769511680890348544176917273427886046105658562377959078207357391538204470652320753711e-19
40	1.178989453603479929641175009984218738296523318665894565162251772782791820116488376000981834922097714632345466028970890459758398715491e-20	3.625135168757205388386583627947226941171967443309853672187040708674850899513508826940078353098496018802135677832511179124345769142646e-20
41	1.053244101727034912386432911819616641611661681591996557074237061874752986507306619046766990097861107054550703845485413034203064708259e-20	4.88667727339355614423714247506860640860703883254772465602882899309511980024375831317011859695142260608397102103217281682559859592046e-21
42	3.27752788661810171947691926818175684980298367889582328180629662336044789999494828257784628983367662567415243318820236678780707610735e-21	-1.34591279338209399363338688983654577122565639272071410943754711118268562748981943363600685775009682479151305191523522696084901405171e-21
43	3.8482908988171301282997762911191771034972893112426505837813948863789449958425313794871628510582145678395542877848695444773559428303e-22	-1.01357368050586234402470720974990245840418073625978859426452424633647751488547690603532914803125139800510783637366591537692874500048e-21
44	-1.4395855295832134116552060207458607824907988425339449488538135495127109090775515356694354702926443826986564512646279271299430907802e-22	-2.9573169020474400055475845180854983729972713828372683050335058035125355440030151943349764629885031027395660076137527598131067500325e-22
45	-9.525379884725417517687690545844100333981229525020305914759597906281682609202088199661677357225341832034282312662382348407169399316e-23	-2.847021990357104911261614123005554890420144423914190787345669951807735455189637155368298890798137224457314171519036229854437080032e-23
46	-2.603962267800705137542065676499422621077684057313529086511273812658451041020797542623944580997559020339030802827389996215957337565e-23	1.569354288926766046101977299510336150109618805165715282952190577636638557420504390416907159202377438251585244936511541356015443737e-23
47	-1.91056501191990955586678919804145667742281934254155203123069766616590765280653876779781020288847167268490937153187620086523232846e-24	9.14146983117547129176004640022367994623324501832006730807640612097435735248068628687440340455423883427041245636999008800690992504e-24
48	1.63472971700368033259538323638800541637178362646023589106876148622196250207939003354831896493135852435557946699463220510130328767e-24	2.31727924565320616100118964264992970916204937247888633808645012956385588288414019271029254890698625859256148368937910004000275924e-24
49	8.5329859665481073631396024740210514564386360607666564111604643550178961322475908802216957557232147725315254214275558580117812817e-25	1.0466429723107838642240805703690468878333019644901238812687636149464861487730145020673504105624320235088876104511353666822663594e-25
50	1.9968018161658533737841295223930598565471481783481318332275764882579872910821728148181354787302193434246593037567216914405791512e-25	-1.7322782210733454586072104069419797602033224845806311507520123908591651313945173486465981692366599132286663272098982578960052196e-25
51	2.66005286965426604473110028560705162957313899817937496609311984223395298910398456907231656120579148422414983132124728391861895e-27	-8.127909955945611011752552400717380824377801750836985333671926237806290469466549822580463957755447701812323426290898408222082302e-26
52	-1.757514661369908923808803305182037187047356367324874677984617153152878005565855174876238951249953599347351275409545288838275822e-26	-1.730652579550811282370468157829476193681140844791310989747047602114422212723033286484728698476771100258342765431877935674709606e-26
53	-7.48897120573708123184485822486269945777094640733038132907817828711015305498985783781894625026300361986477117078401934298833089e-27	4.83098129315095410786739572212084449080837354412805647920186306264969672759766042359038770217819355845966593288362122802506e-28
54	-1.4363593522239864722487770321813304202187732674298263078522922856449374670225536664185512619434683203867090455639348636634574e-27	1.82220176481986308663381527128536294242121963000200432988201363754347862437527879405807958412686084794964444600537224858195342e-27
55	1.1135504038576272601503275226208979041252684941137626511892938125087298210663492921882688298652568154442758703418068406756585e-28	7.0464532051024544773470269997417891986848631425608625501402418339585437382784244495646465043778546755335518339875733231573417e-28
56	1.8057293171776834257395018111228265002741537967730146119507427753071794250627287900539187446611139663054154949091154966694091e-28	1.1860585949725841089181225785977136164557814786187904994119482120391032817671638178060256448402961407704636331387366571001517e-28
57	6.371669952735230527472558825982282703277756487831963527781620781616543295641267144983390650022451545908750145749824100358648e-29	-1.751574441065647661405759650838580717173750118052552903945900367920521564264447089778513423385945330744400893587472020764767e-29
58	9.18181091478448667942354228067210571132605633550688677303507404852405532460617642582621607194330850122947745137219144568974e-30	-1.835627280349904583519844253283182483347306869174037360214716366456049626983104649609003928781346518701487376042466534462747e-29
59	-2.22703966418604521217297396884490380344488893618400013667936249418491417875717133098234568679495030993468006200288215232467e-30	-5.88401500349926021012923587903801159195939471480637741376408248365185588789614011255779194244783733862545649783076659261587e-30
60	-1.77704178436125656285274610116926202894312434659845870811852720808553082091964625711022366012262833115082835797449103308894e-30	-6.8303082297219606742109483888832342523044033808047256061354485558513099094020436454614698922403596884610575298805435820022e-31
61	-5.1806888099451796157658075962255040627176378779018762243731337262227654860858271052192765708880585959691447590503835361078e-31	2.7504156969934646365235794303208005416596764312194517384538461498766034386701030456958664156299457302066307326955268932129e-31
62	-4.455232888007878337381345674768443406393101857974992281329978551544195038492923163669333532472078463455226391491433221511e-32	1.770984827490652501377329533432707072714306981018727806259224158275588952526621829968713210075504927626698810917435963602e-31
63	3.063361662803004340506818410127120216860182935715363437025266568596298012088200371948587722039025648686099203534363633943e-32	4.649785874280892336940084076564903571565564975000708553583292873243928330405987133737047968076577760189796811068448335498e-32
64	1.672239061027298380799935780948139901878895440541866539227052825857629614174079386247381182497716140606730062866923901189e-32	2.27907929952006608228625485659930141309485695359213070209061447609916241769813506772243786454635231466835655566636020473e-33
65	3.9368652663495503789762062690048519820664815873993958159675384244187936804641322034400276366380123286782510166388655421e-33	-3.46502021341056118229329478118065108427516531052534708026119127008277798825087787766218535939268984911670177567972328787e-33
66	2.711147085457363376963528705393211284059484865162855433778752878265693466125303845619555983222133918584135165960077423e-35	-1.63044314499401245304291539601074728756038199587373752074605306069342979525736482272111239158082153421451220140124479515e-33
67	-3.6086288066366877500240990590427422122411743220887678836106617602663070798567411644537368358704476213965617938256842369e-34	-3.3730219956959391453740707481774919592222693006621320216890246084546458298701275221220432109099408138805413247710476557e-34
68	-1.4950797647357079547276924214549956273979174780706659222096372302655245715341235680981083232117564814178716088266492513e-34	1.686082013271300067490087964428032829143633596557775024727147251170587979778159937010284420420477477430607103782868578e-35
69	-2.666537841672336814469765339853152636163732337924360924989797407756905840935259795132662843021233240875742876811458786e-35	3.881480987021490693865085722618749723975710814269339549644293519556552846152466533362154225373839851021382630582573308e-35
70	3.36378709745191756156703345493783797056041057312799216730534520456876514474299066159898671304787807140871795480650989e-36	1.419289342263516391147420267978012767246864451357948636622144828279365322764923646257687755563176406908006930054008577e-35
71	3.95018002042232777648861891451502294303137482259769061311628733074318006044666685539309869612239633032932300445905169e-36	2.08177349195529989997502757514676507476076094662913732791991725182775005987829929229936597835752848402330977072596453e-36
72	1.33885455574675907989194216599384199205968195525198081128860563395763621098431753193690073164567149920021245215734778e-36	-5.1106171287326111964931193941517904020393384273676048157144419724249173424136429278968568375429249817925353576493273e-37
73	2.1601819431644793334333792914876905109040110169084642813369712197824688996034624546408897508424020729425086477794646e-37	-4.132943304955622725892948165405814923132998030647675887632160648134442267520686433490629441226470851714956225095071e-37
74	-4.39876439228504917412390533303335103218040113166477844060217834938441373844872079893621096743372590339637445663966e-39	-1.2469822015222142977975149574363577985026437202241956860000183190944090275976866791780475105725989761019482879528516e-37
75	-6.35586157114261990358958182046755317750044799716274714296654442144940713236413895044600348763703856360143965691859e-39	-1.707936419440433072726346756974840312061318848985007350155384886532589298736670349587726507668856643762312685865057e-38
