s	-1.410294999558070349236436426092990821297295220955726936171977355252073256113452019039225413771362459900673752850048134625355122401693420005721488772782978	0.503009659830308451787186047083166050675830618560773076126167400858777711732499202011580144793403171996277575647837696276047589661058898202145554044041505
N	75

#1:i	 #2:Real(Cheb_phi_QNM)	 #3:Imag(Cheb_phi_QNM)
0	4.9911708861693404918530677557094070332060333283733337337853111130385402025390734138288022794473088188532575498644960498775038472536715991316074609144265	-10.8670377544583578148604663919119535162724697661691543842015570354020287711851831442612891074525526811972225200991334020284060363836924372163898890545532
1	-2.4561798258231150682749455708691001611251880429358870881491103525437184574101570442198828470988486959320824136838778292500465977317001137008643121260274	6.8695435562283897371812939944519417425967533227742983282504157195715944683574886739664946180286028421537655135838006370024475955948785488785163178859248
2	0.9979286086731852001634057276070088079946504582567169771842659935205144246453856728694876135750322504447105460582745395189144215187788276333712350477236	-3.2051754442968447216309974739392446318002199703517418600243717495674240178417437200485221990847928590141370665809940176761058467914267893593912056010888
3	-0.3777077498569765161300590066003477584663859584252570870654299692823986515094811393620557172726366449282350990989728357286645386922211764936278749842556	1.2972551363192180861303416753755623132753882744145303718773777843678019599857552137861096238531516016675073651781126270421531521005058728992329674526133
4	0.1236580181603923674300966082390239890277320208214364816114137451796118423064452843425867542063422034331848393674701777747875647513739287980335090247406	-0.4569574684530006057971328973360891085552714860793507300067330365751331537943153534220613457300357297214222810646701904149441504322272907520764583714148
5	-0.0361104194794784643948518883691435011528059151793365364544371256073794126444317932988606534776329273099048126813480056595951778812060280062449463932598	0.1461199502583396554126256898258319966573875461275834864609403749693825838146534234232883526004842433751024048554824314086949655852706484869529854416
6	0.0089141671097816392141443574996206872333740675866690000020940421673076753910847961534438527487475781117203204700487741467279773545646329591061061386241	-0.0430398909172474911701140133176150332109561934536961633628815007672439141582810351216036428238646790332181754507429901290339679086289152607796086055067
7	-0.0016455926780896075751779603640071406960582943410273231343422657627098858163797860408324744884836722574061949004709506239040502447624053807300548060627	0.0117138286519805011422319787764680730618487063213296105430491202689825300009319810463763459537202017589219478080812945522456841630880791043113702199428
8	0.0001191100180493576975150381064796311220287253132260622932136314420589375923652276133410035831425429934721350244790978921702469238967389152678337220455	-0.0029440661167569873141227079552372773080405726278699396697893343770296458391443322075237672204484502550180557587259661993511192197600554357216331472024
9	0.0000688126933396606096493140316227922922745279200020702218629743035683797732096940466324657321490338897600921244438806566958777583859680813772656514799	0.0006738255093022810730415420554056512192557591494176401598860414956830506494649138898498270330624094953192145519845142959317274020136830489167472539425
10	-0.0000412475980263498445402995375921730967826876024749925030681923750565919260667217931147572472793860917721305085304238387747825696992649523299303848227	-0.0001365655068174435261037207139861579558052657960741877954740451836454203348623175968206473953751856130641252939601023694058454103196772136433984025554
11	0.0000139111246900804314482156864781790370195439394472279496540212940420958507219625381953889398703261819942743493937730105194883330400030013709052232219	0.0000232096656911758015143625607838553817364532300160556268452872752436565175325240910991737498820263772932496147409879324495158602706378213781445950694
12	-3.2992477716922671519171461943929646681859437929693811880548390670114959989836206762563427000444885738884989170935660901032345124739001278960804895e-6	-2.954304970768541511377195568861468433095863296191977338991587058616260099082817310735848796046141968713265736821673504285353134117534227432639556e-6
13	5.005865788321143623601212928759460384319158855365611473774611327789468014791370605966260767686329262963566864808188212157009655812519625105394603e-7	2.229217191369975200045514402481956347739263604256484026725171111236195361464988632683611795216147020834334678211651513521590036359427341290270705e-7
14	-1.74775614175869834714457090042692989274993667966612034309745601324526919026307071955691425491693884243334742930831965107125915075777056442830139e-8	-2.76587750907888474331988936369866479062179629348098043368213728922289591230881799013921043995259998860933859774166319493554801020824098422321351e-8
15	-6.8104787129825950089402623858992796873521854383109299043719022027171649188714001040331738821567682378058674829909374817263417159966108230710933e-9	2.66121736329434484239923636600995988923877030946326995476000010130972699669831131533957572175587597984259665785873051983880132721258017323943793e-8
16	-5.3327167552296489286704857690260548746239165665714652086881232012456709888511043873825379770552296354332095564434923985263889014143294118037032e-9	-1.2799584066054858023396980051751840028218508636104903740595251042475151307676406527977002967533182715582414062621363809959358626427916574637985e-8
17	5.5595683783164167989575185775245684498929123064447126959939902436711986520129170796334190355360589586486266353590296229437550801317156593526825e-9	2.0161582111833196791721850113939957305147648499345185310133652944695850396594627442834292726197291383081118719505653622170430518730560133332388e-9
18	-2.1817153862147220536355498032698394651620693182792391509866633812466750021797266623262969693336087232428225591592911349123946881352866458688906e-9	1.2873430192008879517171849214765504899702333191149204406993814732853639524501872182283432279696714088734563234922527876215264778015089427355879e-9
19	1.768838011538553748739621098281671030284574331317639412615013166010594197059623546351409995810844964681033674572451454694478111990289367418186e-10	-1.1057774606169955024417591623097781511081515225893359843809051925079449705665717276105346648311280572098513601978256740787714814100500291997098e-9
20	3.283012013088933267976815828549579306581511119803761613861853294262665781479183180622076928190693331476486117645118779059919326663626654635749e-10	3.878925010258055522531029886694378197761585074135608455425426346181816964736410825373945007101304574977115882144772527615880053976906115688828e-10
21	-2.353061869248752093123098853595490348894894594220768940209024560417678874589164876573878320548347313150400724763597006100722529423546027866398e-10	-6.2704013058052023453666431205916819356449146176102315633819720141042382367753887585823568766187346088024006387554753608138085006092961112861e-12
22	7.74769148320811607552974018318514692285809651733365017626643632067759569404031384835727269678481932834566629340702767843551323939863035375486e-11	-7.94627086295911973045888122543502482119435637439194092458477748532809336539433850691823016044800768388360163649365282629953158827951862441479e-11
23	1.9573877714088365462989280820225843334690998666047800494957476586364610550698901873156162833417017472948127407750436028423712977922022158444e-12	5.31662745577054974318999650596507457896050420006779539255159736487894036831707073635898543773525513382177898772521968004142801563052504252058e-11
24	-1.9152495326338388404134271507684999483080869923308738717174609684774915896334915696677270708475652532426083603165714904092822290788580059768e-11	-1.74424628779756083051748538098263072994588136569639348274149958779829421705779393563870917542777470766921335992475894192997413824737002410993e-11
25	1.27785853095421164178404789203340056473267323643941635063117245311967255934227774177543140038068948452035941295840505269126407977975881683795e-11	-5.550276218886191747078252596208763934567133738064939053155487667876105926025035005819758286111885847817174333427890979511265847431992480124e-13
26	-4.3930879883772414622995712395203016397638282988391149869492831753344165849866747715265312340531303299427823838283853696507012949077642244797e-12	4.6520836405988490825622263291990278750430278419080375866224356256458501078568604607030089154275557082881863702504852197313651604834844972475e-12
27	-9.7555416163547414447612264157734151143310309248866454624600390327067206046770490836615990541693241180618270680015004898943905432777390987e-15	-3.2430450312796211430828779112200045410234226286481943421430037122329865145622424641582940466049214204466764016419433602856342326193593666218e-12
28	1.1359667404078586707734992971941951572002087194187509039007655156603493591264974605349098286641090201328171287915383756296747079531551035269e-12	1.2153771067238830962669594024928758418636530434928560338041131790957328169117188368599706181699786699107835655598853439334780993626233340433e-12
29	-8.592533945331957641080546527251079494634217998104051614846847661268455852116457630363477348666003188431709206824841909408034441358536413579e-13	-6.93837891924311937489581157941597500519718977278198137577003185859864074041112819327626236649325966900360080532557151963758927642748648423e-14
30	3.592433460756054716063507525746017192173137864927427335586654520691440025567955775287828968426739202770696958246720796184390325470381628737e-13	-2.730659186557023743428579227300268219946656584559367277206598249821542306754259523841250290357661767155973295911759749116146858644899734052e-13
31	-4.71593272668262338327020090414257182618874760713714863062262896023578102259031131528416259597055602153020098906131218386095644281453285916e-14	2.341669941062092566309203776481383703013260884939330612690994399792332409384853707350090061798220548757492531477145672474281307280041907117e-13
32	-6.27134081736317824507830188913542646378311807515326682416723087778902999419391432919389832102952541876269846189534610240924442178820672189e-14	-1.112097519056691280798312962161626392365184945056690508863291082395825348198864757734481476120027414844120402915339528902674146053834001695e-13
33	6.44618707631174289847695731773365128836700133299247166593054521338369198770879933512561711070176138867214766894200735047994556478170952715e-14	2.37808030554121703761646048025721381830813232254507872131191020433910744632582569618160327024495011272061250319913013573672398945165253317e-14
34	-3.50638992335384393001904015773070204070110089499963843144661958708958978070969522314560867005420663367271732239863535739754885131969725953e-14	1.26158910852522467844031768928396581347729500843849104629098622036869855757351999939483512516483937286861844446802605621443334189589110691e-14
35	1.03789305860827897983076196296395640116734208330806036967434206915350155135952037828323110075871784476172111531880076279706965241133390628e-14	-1.7596562223200640778607719480321750033989855687608639040860745070610442659462768907721787902608521167242667890801944375892142196924173756e-14
36	1.6832257131136644565132555507253597844837634868865063269878141646412728297817766979148720784284980773755881965356125301158319052726549534e-15	1.11729874311061663091072114272715217228677318998978726652205370469376187796652213621029791915397390625875832367692231171466571921413068418e-14
37	-4.6010305079077293103465443969618616365953397859485980915782796347501378293552170145991842626267652485593329954959839241281282346132471554e-15	-4.2614423924123324602003619579786688669558628831542327361817587924855547213641029348987030601861134802186718281130579814774805583006977295e-15
38	3.4865915620049987552011872333191441855835265463738405184381809674973305264202124646950042891522893707529289559836994694642974862588748946e-15	2.619124598181468531993099942220141196016894044728102152014460590343247871251293440070648507277746493949007086558963765278012602161297639e-16
39	-1.633279724324332203653765144484842323655154591183208445946798449628181156772293663279356752726917438440056083758950838627113647106201246e-15	1.1042950188300671813066706530547953269285060641753321993467233597130353750041335527428627690101461408584452132435585117324174968360075461e-15
40	3.510440506632823364364240654461944831343814094321487155871959463820956029357011865644516513247432835096773839938662802132981126972706224e-16	-1.0677842342621603944242116002818184588451987367814687178326963540341239317485063531573436233662376499480634314933146908012146596654706534e-15
41	2.074175132038968025678867185375139407656801700386433818483770479020701096914439030226265006298151078728863375420580273361141740603627679e-16	6.069650746665036613124032178534284179595934645299330921080747448518297502886663813250636970314305882583301259780574024226562746492656536e-16
42	-3.024531798388242323250003376098050938407414669046570257919553823669516499211436385834251735720003692286355614536498998216658375982614374e-16	-2.047454281717269968265486709176346390835974931128572856742287794136123796634786821670451068791803949503501545656052701034776828789699049e-16
43	2.097064827750217600453084259782967693422118173588577272056876581139137957204803152297811325292815762519581963298487953259474127307976826e-16	-1.18528511030419586244790405670003252108740273972155013023265011206105806688702514440742221635181899632770527075610345851163416379909014e-17
44	-9.40908481055680044354434801266338343375913102881348679089788538587897620311511234362182069362975682575107002939443323406556065987457282e-17	7.92394684891460459096740917503913542332283321640736106383697146669858469563201275818836171033089507559110668033031361349196415960123461e-17
45	1.77230773163687987087974723455558381539819959044627413152253616158718114947669597201786782952129206848728675283592208487804807073437111e-17	-7.01501988372039126878250202454160133390410028757468268754873850146158512932563226047003970518460582728006118258759514609992412674279823e-17
46	1.51506220753148881463587039339559769667885937636494845140821146813041731739274576026914662916041041315507284378605308556921873741609158e-17	3.92080643630954833258496999934545078533627639340315097752389338885183037391806426328587767319981712646563809620157256231057569849893819e-17
47	-2.04988272283908844919726222808014926242518510963601665535367934647392780965096675336690105757113967343502196835827671382728085985176245e-17	-1.31639122742747244426544507602258589370203943620461630237800836472638196467357733084729681044595513793262382211577347714339999398419878e-17
48	1.44542626461876582922593138113739346696946319809300412519236267894083530888753506481890793952264251493516905813968388041039203348561535e-17	-9.974293578207373976633512118428375410537924888411185787086917115062401557527174761790627404206105134563922456715660914389364044623215e-19
49	-6.8443246730805345829316646439715866998997871730332891563436577460787703287006436389526257557362392944925391177749228091610491867741537e-18	5.5730603775140605062159484039021353107826682086564908477926369505903266357435688543367436907211526882861455277921121578361712146669026e-18
50	1.5877051176200589194737367575798151261120675731183609411376766002964976927548847093610774972345214492217412182355348197602416649909301e-18	-5.0614060676681123024033266238920237823282179707861514966884431533573272853485540843333245430478954540527183675121689189139095788261787e-18
51	8.74700971751237355409023134538422659173050248007354747545684017886368205686143629287884311912275042705442336896118344471310800193079e-19	2.9635849444811378749466358121077142173369126087629339187553857480389821962080886813877996362355360651843872440815934749740696032733366e-18
52	-1.4403487259065607491116336589213676255285796600928197745029369059896489026993555121340798219084055108554272216144828424377902294246884e-18	-1.0989238657327881422008314815724356438363316429575290783038156412107339540372857321732211103588321221519664791821760594354319356107859e-18
53	1.124501552903593710395880025631914334209877226533231728783501056852587533557631919784007659516388129503558837051320322574619088287419e-18	1.65977253393642550742793981679480983642412038721084216472205806768741206116026196234598607600289642755900915520905788965013052936723e-20
54	-6.062676214399991068946071450913431919208543671595662895589735483823036609890496409575694068233735261639849473769106531030880620464019e-19	3.825068126594276757165370292856315707574540203460864523155147759315060030300352194881200152306624824806532891931601059021978476307635e-19
55	1.995907873601301235350071099391609712930430284891977186758555769573644200945914556379268943386766920936743852491050132969514472996593e-19	-3.877152309233414046547826710256182900727752347674115265671468104067637085824691224218323182170222517845958686847893467463474510548177e-19
56	2.28258186743973203037455090327951526116706634967363606572037974728073938083425912071105993093617477227811638584352878190898003307752e-20	2.481818742680046233945845799894868927113926606693401909471925751187742163195529202042607299319236594326672712662330582874355362753057e-19
57	-9.9478330772021783290434479247704245669289094511680677603555119524417327068575079915078401717000188390908875852329627632816882659571e-20	-1.068648767531482978227228599305461014338205609432612204128578835634106223032073253178587729188619798165201172699011377211497296988632e-19
58	9.50576159027573821803291887664002412315506637934982475952864555506232411754152386459594153017922342554412007112937532478608335584744e-20	1.62261730700682855440337473938862612516931279652705082296887089953260540325735863822202944947939967498522082887594126507805408881998e-20
59	-6.13016259879811079533896593478393506348710687967363528981376861861152998303187786884958705620273161968470315834962007896923605063565e-20	2.30556113760597691818368455387192085411728438236393192624340329181441920889025470925317041151985075358956149858136179594638837869827e-20
60	2.75462280105678436830249443251093438089040297587060491354634777448240096284445094909935967793616293654910463549101794639482652359444e-20	-2.93247080421323156462931791704466508098827283162530542717584610600385452658641188210619852905921672165758166358930750802536195453834e-20
61	-4.9618781265815187640316919075091050768568517431103579796457906566978762526995988197468141176280244342635235475178321204559640298733e-21	2.12111068382517815799783878112654918775116479946782015092993775123919061229226708585202073970278057210378460612801074534646944426325e-20
62	-5.8055862828113681881321140041881546502546336806759546603621706580026629379994600536889664555186004177105379159676423646882691280571e-21	-1.07215183342116698225298535040899424769565037512289957057867450049962912667623997200893422984948855407069980427053147336396079982816e-20
63	8.3352524396534827077190159443888773499507117654058066232357200410421442923789929978353976269638672210147452912721513185441720846809e-21	3.1089989731570899499970623052772560079562495317726233197774121542524152465920902936612012168673104613831296019261380788074660170553e-21
64	-6.6933520678797440009679430168837797142074812268348400215975010460224630871905643223789925342186723214241216357200638354957205620924e-21	7.404075075653491201029751020856616963610229451515393123746140368178919298319656376893524097757017849533411571252385250022484175105e-22
65	3.849185129852893982818716244321330007700085510388400091638465801681527357214662929953929881906643205189401276835990907237127358401e-21	-1.858247114316104297762541331303632532228723816652953320423154237284371109039875254170551250136196461422692174834072306132262263448e-21
66	-1.4024210013513345810192704818073111534511199856378512628251216667628052538639923793264857518628855684992442343517682332438523603694e-21	1.6026622142857501608644560719561009673146539278501918006435246512035179591910458151612959816162523511139089255378623780949578540644e-21
67	-1.021842511092600881900867091927056726357687850069111390530258637577265720045089492037674942616703935210073396087405741957619675812e-22	-9.570210648378592990492867076783071482810831102907727663558358756435092349905568601598941543262513144787825639187631918991235544002e-22
68	7.259360347084087419341673253640513497257751225046908836552653710159010552601077525809682870631342481923892326991252512517275297949e-22	4.101063986131307883529853661867178634255421181176213160901802396805450036760797939637943645274039535207367423780610469378680279699e-22
69	-7.680559160227245702160447579461273449320957233199507137670627264667804710728608963180588578939755320582365412480258538546688997955e-22	-9.40739551523381660233986300802539029308113725781470772265964914926235004327293148048514138461790055260753050614080583732793125373e-23
70	5.392655036789152640672654398155895643413875854460329593582147421038887132965494377690453235271979692902097887799568129879404289657e-22	-3.34360105968200426923351172162585801356720791701644521289199802593937868281409094033224462356938927498734128514409531173049530322e-23
71	-2.609167746056110939218718061849066220607480226677873669746560894463077811664433198223729916141202561982414027116845263564098590083e-22	5.85219943030105439708772876620874943296993442222047608523518715343951295635837408878302287517288700424829351552436483503991766723e-23
72	4.72392122416954579003130925124705359874073060752562867373043788745396548179037492637266958953454033666439556919906012745880360688e-23	-4.81078798792290468166790719052873509293841227532660884857926407478026179390914995742762885585631165791674385663009351799230959613e-23
73	7.17709489434457200465093583716965527423369069081968777414460200356686991811868373819493712130806185948618232141491499341485701293e-23	3.5766869526254109352335431299059656167475974590816611994647706529158283871372462914930868129546360137937848792981399951938483796e-23
74	-1.153580874262291990482791686871717662522342216037420375198262386604246187796462782390208347456439244221136376008860670165328402136e-22	-3.0364528860586090059367825037454290171612790914228560269741136710923212887099075597195317428090358649952515491812241522123060464e-23
75	6.09181844638064990593624960773884261392301259139140697313680903915766252308346429274534401304143995927814576844904387980396201849e-23	1.46004173827529956497584691841628583577434099891702567157760991533489760073927828279248408175051073392875106214255989563462656173e-23
