s	-0.1779246313778724125652120005152178509675423181561187703639623721770992017316962715759234642097336789737598225764160641944325887735662226216980430348181479	0.747343368836081044564012120434754107823160172903535881938910623355711335675523008900239525461539174202261286644053489464729872338914566586615874614796782
N	50

#1:i	 #2:Real(Cheb_phi_QNM)	 #3:Imag(Cheb_phi_QNM)
0	1.74368246739276451277157635173868851086679196781682093175314553514057653773058897419401571557494514356081284071290925947886465168586572943213063734022219	1.043111976138472147123605345001577448281821085100187985592861474828689920977111927351209274506517823418181458154361776936004721616119887550272099029456417
1	0.103219666955256256140627269244904527081509640004149306594466456110639162175285363369056348833974341760866731256108988258301667816413321848667828854020394	-0.29865790649436510408706144754290752551252558630667237358146560408409270717282730643893625445891777637966557952509737610655865821286236820001479206551145
2	0.035447202084977511722334572090086445059196942244291377376202583396881742276168062423794366052850090007873398260088957147406868357719232668410953630985799	-0.150269238612171867662721470340359386775727991818604403642921326620365689230504935694067253636669275369618010039394882903859559068701940753331795940057998
3	0.001654753760670792184758925606493947901904212188303302651237492146324589275232386487271639021681696452592736634215877069720683111892584053831564505323363	-0.055422477936358119732644174558824382696790792405604528186923798285961122421967559435801036170469949872076357542594604507032395163834341712038697170297999
4	-0.005993706913621192132158096664792345503086148640819644688139093604669280039191682233219758621533528964402652950531788305219063463750139331854102878301905	-0.01464191705404229072924352587786861989080905580217352888610088623774501228143328519610214909582124251356582094845227613538587714736207181485302838085622
5	-0.003978767290257708566811390315231454812402825361506815755082792892994857197157264077423371263828661376212457490407711765279393758372846012282836706481763	-0.002701403153897200795118773758882500151075268388855295940244389709569797222826128448887463697927027043028645150565463730735679920595822549343819032718262
6	-0.00162054866857215132447834437524241845757454112915200982569948963080822079633811490720878685037664399109986289714749106007944133205521970855031555102851	-0.000122177060855098392060282931169181952270625575736853565927077939377543843294941933753682632554687630604093541681949658028947712372138357695748826059553
7	-0.000468910929378138197623210330218088615653755837915083073764326381357739326986635720813097037689129871526241741517990998799058587484274577061834441599304	0.000143279038875896560699859365066211893420660140119694271151931408550093006786888570204010889039350245636816213967714012210733751746310088286863557796097
8	-0.000095818222167600503158733131894771742349311320729200211764887011169615744477819535931135423224497453419428768659923621755180131758650601180689018095418	0.000079412321674850896517762232110075884152257297333129876929498710252277037867214228836909758959794136003675799946473832794732227720893855143330984604801
9	-9.376147235153283711602101825793163834704892946630595900828084903046193369072146026455566282165306438658046407728233776528117838194474987685594496833e-6	0.000027445375645157623385418941933162037286098819034992536208092412380049593634921958897898520759529075146817860863560899176125632568512064203861707839803
10	2.257642272152896294403337232269666390151203673650295391572426954469370922821083333376477308998338444687998593897811037456835384480108615372051693297e-6	7.34407795140546147156779064817424798518508377171227845156632037250076932314143598277449177861633261615905216490564289463041221449493196471770793928e-6
11	1.478645683890121503876139239069799074786493737608305262628879051643078116401025323725701506312462829811033579968901106148885770056243240612236516732e-6	1.500559759058765814867600750403091238739986541341777253158450110917893644732851020966173030989839331319411165155598244651685051397711567126291563202e-6
12	4.42218530874053380128142145152797920043906948093919308960471962181331256768647881446678631078175656260179445825377667701516205222524001011782765159e-7	1.87642956139114484920498492770042357389967196141150162446003122085414954202014723695159169519520037780423941360676387549219004637481840670192852025e-7
13	8.5621270802808868086057581216403985277975239118882695144298983415690138702840725460565388345603125681059777129914229840655853451858153216407388011e-8	-1.3362211374759606421040063398261860072043358872161137895040084915552771363244824898761492058229221809984854878318226262595357545211226018814848063e-8
14	8.842111948188590189034998227538639086408539190920635140432851260191739163524464801387393419033880934706761039581645708569687624635895969480142863e-9	-1.6550785701735584617154524793897022784258188639772382410575337102829632119919191020050275216759607979405056868923299595015243320613205478214787942e-8
15	-6.97478553565189536764845445101926982225815131778517949374880504323109126354222305200127008030467887263048649271559542910283775196254106378109824e-10	-5.647272026229761379772548720538907487636154807577402991451726570488787901280877313719600375796187405472422276904990070388241783675293116428052579e-9
16	-4.97087500230351902643228740678223584727615027901492233559826324342005226472659463662453338160195652413410972070062354594206107441237141899466669e-10	-1.164891892178757421451545012329332284408734257794550516708531881805286229246731461870121499738623986815933931973500768479638989983503701292933348e-9
17	-9.510306645004595269531815374317308595123066611856003048603831418803538838296686402566437153718291136316417597744528693119212160710821900741839e-11	-9.9962213653537683991279146882408736570128318424108713919196526725292006948634942829269296520880369149670192117674219541077705057825294186923161e-11
18	-5.696908234624989382588869846572279194426234778921129825392122286159018362136646940104367556868603484025112114458871171884844135792504272805288e-12	3.1189303102997012374290910447338475717556928246144927006992157122749375873869261194580915345548189288290108247193122492059346776364845935705872e-11
19	4.84084194587785840046119768362174788014862246060341261648548046350726496232782371906449288670030371692794023273814556921859491159778863969277e-13	1.6221945324159458217273644644943725828381954399316376025100644748608605621144019335147163463718770575807478644728031032753983101477622001217962e-11
20	-5.60234161036161497982331813808762049794355734421782283785477170436488141080415223033844953242151488249389165293785348008219345145875075844127e-13	3.469529156652624390617417387919235772779900374581949147249873032020940140638313710186299446331877394720715207709646449639158952341575434491311e-12
21	-4.03294334243601534811289346387934657765764726249421285857012029259680807664066327678569186711877068084660635160613958856407907095032680860674e-13	1.10828691575393758986315700691778039337782535683820016295634998654468752307570157216111500506614083126607496902831912055170340691964822043642e-13
22	-9.9388204561285301118617080963782918457463467581327906808723302219176785448627275328553069388380658044932538070182829256376000619855044666805e-14	-1.96088577857754184141705895728543891535964125961373287375569122580985741776679933069519212611900473058632975373951759497567473570900441255189e-13
23	4.143593267069831793785927309396488384037573757144458646843226905532758728370510501005322575368789880263971486844855653832583005731791874106e-15	-7.3942042895339528784477027313009810701411984167493940547100834653975098463240269269853990406657332444192569849048368668941269882337900393719e-14
24	1.1735913737782056254308601437708087773474987578349388767463289005374460946819868122237900123058532147603597152119046216799656755110282779993e-14	-1.0949394442269666315182755213394383341624822198686963822076019759922488026824120654936228431298701666382242251530690841250614144660169858969e-14
25	4.204032417685553459503145231369580481782493077879269162201438251568450078862423328512256591365035948767399687236393857156544988517207160973e-15	1.805781053337710699117673462550129899380900797464811170070942153466660410017225991929273827045204119438550254107123211667749721423148081208e-15
26	5.43272299709726698962206341260648413626879721916818002086601593462828838491055210432186180123847964894809515032447176975452626830253840262e-16	1.496800300328372683647714199818229625991488734738248584326020455828360960153258275264210862841772980597598724843521271301466852095729951935e-15
27	-1.69721555292490332736136687517563621277222212734812607867258840453761418052355302709957657678336838565910242120980073753678106529413789031e-16	3.93869983020618169787607896113670415037945591654575253334822938429366591624533171944927641062543801174993747512931669120794699773252506985e-16
28	-1.12049175405251814525681386035096888005979280319842714359814851440455303985002855974548536081899248388630140669141556807075463290726263515e-16	2.1760560316299133332680911970197094850742676158365703974870142963486313668249274677400053304751991635269082491132447181974276980592485739e-17
29	-2.7243864286970475167053860584965639645025647850767142488521854772441786563339028116727783832219935378475722370082316286695055234557809124e-17	-2.4307849316249038286100596464824834961036772267992836451848851545351132334926790253356118364594203339364404954168622475286955618162140373e-17
30	-4.46643693758135998478262895060028956013685725711957598514938199764770772554556393106704473217596222805242407247474318040166984181742335e-19	-1.0738841764918096597330453692810691142805181788042699756169150744083140412487507942235677429300411540076463874223398356985614284968338241e-17
31	2.199834500728284379536857475971366684389796090165839297692752471722872491158718638948313663069024698297972386488331292334782801019033903e-18	-1.9400385589956771400814204770171737534643655019947236541943474333319333366803124365387111705500490997591950138854312501310493468188968e-18
32	8.61375693979182382183358693384387192528198512685482759052615409252325609593187758960717051356818826670222348477008647787410216258146927e-19	1.82675720261377074679275647758865739547647970061117035519464470473089092111460789789244033494690277945165672089077682109451778016885421e-19
33	1.31369083481565300068275116139875558429401356003348439317400222199022361091739132541144462670711571094901574211894274183915556357025585e-19	2.31975006671751092238779463197858941379736081600078773347584722774773885046742314304789490381703791852696878127061023296729573689296981e-19
34	-2.5531553449320519935380164774323761640874488999930090498744720663522320640036934915369423873072656085344762648517799638406687420419269e-20	7.1008151802867208611477686025888604606305889444197444250051712605751806449791756205420151409141355251873238331877130453100312899352229e-20
35	-2.0936943820743199138686779907762996671373488805095663361316054409020518426900609458300274623229856401836962490548026734554202862913529e-20	6.734696006739776148290481431739340132520955398264701732162090836189245283636668978641942017458245676366331084296803471597430264646555e-21
36	-5.618414812756476659733408745332653903385666646997697102415274088268204145639621645870079156834660005395314629763844131898996573245189e-21	-3.567174460915807911565049503429443111213117640332004505648840563704523143086388834937402730733357239774237757380822625056530770116696e-21
37	-2.85113180017868488096776813714473114794137310497098588365320549500710384041433844167137209603329428653876839091359849121796388939747e-22	-1.91731112113622908613732314331320408228976584572128333639810004457530155757315180622811892755164171796337949776925023422845469717439e-21
38	3.81628166167429240548612442236791119937638914969251159356535344149534824228164532493833199266722923455707669076498700638207185557733e-22	-4.11738943933791444848903175575090070354785272563301767990687384116081673814757496189768493501079292295236759880938420360126471224525e-22
39	1.67838969625471381102113307676412142544574668379674243277431060011410655072769927352987260584161819460668982872437687489113389830539e-22	1.1360713684717585553983106595041011088409496562865784790307845484759570807377111672786113422824980975207943167034672781045857117404e-23
40	2.967855109443518708136761064545062274856989677539930732343846787557047162466941938431116243477324261878496988229691723054518806361e-23	4.0039155269693814385368829769080389358156203413663915172182109227013659688419090525586863829220269265477896834062048354258544446673e-23
41	-3.511866583259759535319902921912551722414739383158440156996037991253075145426079008103229039186889540329423967915462914650390868085e-24	1.4079590184019302089360174899356466697386608345083609779553965353684643643084988044171358955213700438478212361763796252784215225841e-23
42	-3.911996045366703164034783676428360924402252322064694886795037483380106707433225814930261609059442872366705251965850668107868938126e-24	1.807032260446179864673701491267442855291952362440128754594890949895618087859220363038987854983861176168367172036450721844660927371e-24
43	-1.161804258487624453629645830650718533206601138227922654348239940551755839120983656918463354001043150430484630432874754309141918317e-24	-5.50672692979950764774858829973880080917677379940652203108985364890207344207623257193997738235515657041119339834352370860473155798e-25
44	-9.345586952250439861715267118524925361995770095841461859271549237354539457651739996331138804670769819924320158517322421762785548e-26	-3.65727888280561187297053117830787336001031970364249848127828517156329189486838045657522535038452824019607790380782194631959762901e-25
45	6.7117906415568283730446170542265137482871799006043085112453292182183583861261948421461720217523607870074487871256280433460071375e-26	-8.9310777855321639187735875018980636946239458094423726198741172591887357207569103659309204746468051422718874893504342436146900234e-26
46	3.3722339150162547823149018322584714196774476555503545212713935623227401371634240762671189929899656046591022413839664533797405339e-26	-1.282557428128820595087808943479289907511165428053169748659062865830058263102346996486540928768466774531670086077305455890627614e-27
47	7.025797961123796985905168224450724974984320493189845826141364482127696443930122398410869175458853269901674320025737855219671281e-27	7.61426872461620432427720963986519433473462209985698481912048738074573874696597442430679900665463529936024055226058724191545081e-27
48	-9.7463039203354396937521523984117304311685253569679047557672175108974167850994738135497452275640997236964681179846452535479427e-29	3.196686767900489607923280827460205792072443628030044743350938747794958319515885543820534448485940537309813098625086959126480797e-27
49	-4.78677730886318967030744681834099461712348682631872071409243146204360136427003963183201699695596325242693297085198614248746438e-28	6.94092031038425966165766963757728280610935910785512517896169422297061309156779368015860421645978857461404159639374166972195443e-28
50	-1.00648497623273124994052896609171659095542304091523699790318614006420966980110136572131684978375670726936265310016805405274496e-28	7.1103183174868294487892608783561096914757347030160337222873262837689148931452135771045310259297001819675607796800838187058428e-29
