s	-0.1779246313778724125652120005152178509675423181561187703639623721770992017316962715759234642097336789737598225764160641944325887735662226216980430348181479	0.747343368836081044564012120434754107823160172903535881938910623355711335675523008900239525461539174202261286644053489464729872338914566586615874614796782
N	50

#1:i	 #2:Real(Cheb_phi_QNM)	 #3:Imag(Cheb_phi_QNM)
0	0.947776992898217314534628132691527975975837431796023975353176737809512263672565655587448042146767283597805035612005491760971236074154845050184299076264419	2.03726115452631606280995009172925971841222313891372708489448455217374296675528391797550228218661759990981683330734393606912402121946611204131514510542437
1	0.439861983471804655662819180466154163461810052036003356554680242022318075393578850189628256675984510884954574183031013499179351449914768016927415286281741	-0.360010134504750713343857209809594330575309138141726813354098238906451954547181963374943569846733194386103900627632618065642020192882649536380782023095036
2	-0.154772856570410024423119527188267034038303904064520272000281970239991447874051212464450423292066307102669369556565762977470846635300269720840571983897542	0.066809607108465844303009471626483131822196028176468714573791762334933894622741741277833016388799728775228526930809279052874883143654701086606033521497393
3	0.051908101663270679484534748154604879599531401601728134300943149210975606323543900285552997232353131580678893721660350107097276898573886120468350253043297	-0.012688245515472457083410521053055647899169437358959513072395092041798701560539522594457898202901544771017972217818195416891537977798810593889897198260185
4	-0.015129093190374256923579896224064531722254702876431215321697956034890175090717964954872415079284410726214164700066655293811863732758475653768196601936394	0.000400275539236449273696421969870365513412597546966349568984587439852323203384578790702302594296198199338139555558788579787242779813388183498565693789242
5	0.004386906385246823081159963023478856516999699030369684402906276856908869270658579507355893541259771053141037069675681511133858766450173853224993546094649	0.000097128666698349488023407526198991021291934144939312819669121046838372066751817998576839305477954659967921813389050621947488994110264898054220365068739
6	-0.001264104266589173330562253155139215253402099036589294155684573446053242531533669442070550647788456965493647266876515861395028069718564693651851120830683	2.640246898910898604643416581195549128163095454582225229947180165147903015043684596232593597718288036401182786419508102438137098604026471491732297255e-6
7	0.000364096929170556290186592139129207606964340623475632545361363408035403942528491437127394716445887692242987445180619846071606206592717318578079725546223	-0.00004399197418584785176056716167156584875458930206010360121995203748714305654531936064709432469559959568682595275021112362109013326809105306274356493401
8	-0.000104042058389728997432562074359253314839785168134263666619995936365233957681778703658860322161081344281983138230075088175557545709291318121574507090288	0.000033694579634963003192088743132780807982355129497612379367026728237455679200932969422069181069535541547991801679449016225138671727287413920161228983118
9	0.000028429830150751972103970518908471434255128965609743816395603278879252207938480466347113208223559921452014735784589886428379441959203593485494501638771	-0.0000183355605367767753623797047959145566497111375959257835435958280432442493948675250319384107063116906224535701810938004740404851773638365075441024046
10	-6.945799228449365449459507916876396254849220391203847649545966834745625773579817344246876193116828171865737283875605711588480029989538909573643063441e-6	8.490027042309703239911111811378851011993061489327245868055252870596117594996917342833372303583135994895095970215806070943816461130771036483008134496e-6
11	1.228997876784122267233999157729953651381131863737110468887541863900338938617556512322952741192914488688791668456510881293503628188028519072451192663e-6	-3.532293589492692966135029024480904025016409662249274777068218004417906949179063197938699305309209068466292403829194853829186470961367202105119211994e-6
12	5.5658814824882165485176245480040118266116913811813285861169991134064073606293503065044658889764140802594222795982986727416193132183137407827283091e-8	1.338821482220235477738575819390566112303067307269348437417997344281493231955769380925040934764050688589471453653809573485584923221537661208980842705e-6
13	-2.11030575913818293696718246445146328202555856905995964212289269956024766950904354877481007057482196866175989061011819102928793141798834816263788593e-7	-4.5609984695837830910683557678430518048541810053678868397952230166259127520910519129898090942083475810271762184389306255429041796808769716345307072e-7
14	1.45337708561199418062101496450945909271313475338208573865743128078845423347612495768578173130468159410903913759974284416174961533817572042782289295e-7	1.31968549518215296698071185564947668829024329498099112189932475040752233387592779231468465304572963513601183885197111095624467218773829969457702427e-7
15	-7.5103837953953210249940750449306538912479887512175728248197303331762246600196449960321885229021553563185631452139499387790125208403663857986727948e-8	-2.5985321617888472067429234527106295971144245842256426611222865934808944709676296421321444502522988796087010410269636819235883914647999013466517414e-8
16	3.310699422565655726710809584043907200083083727472302857813485874696381704545176022027134765273685561116162437180400629790694934351078069885300347e-8	-2.39246875611710423961590299412064483725479405333853626148116205482477262195051935030662037938318501751671866316629785613907722723272596318699644e-9
17	-1.2661178875961046562028202391788742372054923342938037897172046862244233464101596490185411049019227321298269099702097632505697150990120156525187429e-8	6.539871733465001199421306409914711703451568890794977012806040420141064147769234182747003999759666581057608551132643267195744596986223259412671851e-9
18	3.99535798983937148536832656721288831593822261249539366401464391333428432456416533931371044313885850699089828699636113981795269048567493645912499e-9	-4.830925215984254366989351741043606968794770275145476201008423375266487893002761882444781382455759066061093486088781997239035941007205212466142637e-9
19	-8.06819179321745944419813252771811444419507003691238636954907238403562755599599131678148628091619228502203699988707061477353808259131951747345203e-10	2.700764818692827593230388361991578389176933231578091068295646468790581139065448973764153608565459354166670689840415628658199944895271159522731144e-9
20	-1.38978837844122572291643658214946971590921438338755318647187917016987199878236084278804676058005930857701526775477903884939548551168896345087959e-10	-1.285049732393770277889504844747578792578074875105302852606160942941336908050062070715847357107349565042005518876472365627498783797037508528137807e-9
21	2.90787167872255216680590883930955957509932328484796932100476129758802565170759533613881127174762629146391978086939588716606206025763940735494802e-10	5.2870772525316179004204087178111179269413198380922159208911320565472243038994908457033890255757993354015023785310635779211333162014215662899691e-10
22	-2.23373909044492459199898938268232854041340430296401097812079402685538405952355782183993847150793915399310321901645119129943312704001790218941414e-10	-1.79125700049458620339203159169062620033152615248533974756117465817280349500478809943583651346917055021555468088191587693675091787812019524905272e-10
23	1.32283094460585981699664576085880865141803467082497041083632734310163122804227962877319399541124371609070202532189420500839769765359565789167646e-10	3.9039710262346832722835040715783601569067060388158661150848458880510351675020838683300758589410782625492878753871767890189874985579599649021518e-11
24	-6.7038373275696455468368614530463313822093978652160671286584204295735672915444716549617249540689463087487735281171278160266517675512215566538838e-11	6.645493927997363360516048460137871205649613324324418220184784333119225627685472741654238337391625979117429296138554919981163507311572968977566e-12
25	2.9542269571413579596715464275107903767408267911736970191783988587266098308480425020669268557649479570444375387392931359908893609277285967025062e-11	-1.5434562737681361056428989508880217052914292364452186543102486203913274192753355396650375269133532056584426755888232918180357933651398943807423e-11
26	-1.0877087680820499790264008153734174239341030897832340454536636610016347412111441062856224295701275992733912830259848130548282126191326754967447e-11	1.2659500546735403449768223117572700058535751067667978684202827931834529163473969595459851399890621056885723691251264349956104544485292742720048e-11
27	2.765603090701585554190950843262933598537739794874334363025976021911678748824805028768200071004510389032127960929740616828660939164503385388434e-12	-7.986794357627812341927881941990679112962906591496596501604829198540310582388404947153760688950235230260280004524362357005611426836972854956142e-12
28	1.73433126420521629801840895695414461254034763994558734988950609493425045463108809734768995383024505473099830877403145667410582615970845071932e-13	4.321925271572157937233048701722056833072840358279292413245528361412108285815348869083303027045907478596522495406187689008073103312242842306495e-12
29	-8.92428392059007719178844190645944346858391068903321665557178537184592211197224256685361217855755729986784960676852976973556868849136658663746e-13	-2.04976734185199016791325597704124719960892405716761557044667221279174720652087599892214512874878558008760643564716770127914661663000128139655e-12
30	8.18863649005880932293378668573399696069367249776424230777055410238408412983999922661456621421262274279101274872387381939971877930609448617927e-13	8.30620030860029751638376249566297623548142611005099607563441325021965517687743331486661310895926575097253497853624140620031733539083088692233e-13
31	-5.58655560932826432285607110035382312296249989402686354968489724806736622130931243960682153698259453179467438961721774532755223249730185979147e-13	-2.5469494341699032180394444226398850193616447606425012148099722374579691868654334520550428854346991938480988900645276216818249450425189682149e-13
32	3.25193774763376806052517517587760243630587849291342354737923512668817413778023634313563397630672315448295485378049569063657460287715624626515e-13	2.1442526333329678912184732933328345732967987185490575395075069690539389071844631651521616058526070041066349388544768048348381036378823539319e-14
33	-1.66894269284683676155519551775388191122628783210265849000131047602833237118549100012772896524478245791004836500259824282000035263105525840099e-13	5.0413493296185366929736398753078480203839599867438420520071295973048563681789372795592455047845837851878728004986682103289116064887932252142e-14
34	7.479051408636032625592856277710103175921846909976935156892563611629090873601106917315611295522490179529120989957252697212328645702885778417e-14	-5.6874821286397209387359581695060940136741024778425846789882816092709211793470418216776297240555410689497973946135780553136317589315857067614e-14
35	-2.7356180877818389419671661043804686069793413516847104763529797757006261391057510659787354066910966015047952107049303991061378020310621840166e-14	4.3061974794201753963571264285271697043451128685393128496544657123142382741162713604495118238269956115962723806942516714020705102365532180212e-14
36	5.920872641183771430893374892519639038159434733410901925733628314872641813986062724903497736308843101786853701047200618062991521993636507327e-15	-2.7280017535539917035085063502017452594296919174906776861178696895403871488266395116973894582170248704696658905951095060964964671105383597826e-14
37	2.069621565772829268210818303404496515274260349170440952002689126616065989001786076413333838659917759700749654520774465452252862695312135198e-15	1.5247497228925884174331648461841125272735500966386670962114865366379760862764866447082014966728751739602475233301922596225604737249071926836e-14
38	-3.931050757033892487172333064402575406565605403138379133498320417869562279356109508830287802512338732480376957396349642162158904536088351846e-15	-7.56680954259898759012644625695882376678735987999035832245234696497905361788089822318429217368183434667286624641358314580246470379715603845e-15
39	3.465375910954102217351175349791185012910906314968978548445380968446110178519814867255312003007406082186685669742229180998032399425449287334e-15	3.228778950611111104988495983464086666953570496945941309112769691162506229225647709388357183868402308574711829435913857365818912698134257137e-15
40	-2.422576383672131856425278766542178335733626945202868918357650014594661501837141796497013743906935168153553028516908704008118058547519365446e-15	-1.040809445541243657975093930393947039749730216409706254501596629411169937846218890979129109240836126093223952994311894769011544344556785149e-15
41	1.479568479903125599947745364266603849048805858548784642989412660460317820606950293870432736023325735245101102391278432359948655095307062218e-15	8.0453686307120599864808836474890503955378897218862786385254317737980827075880788046288938260536594140196489011490470817394095629661597477e-17
42	-8.13596388911636807377658583549441074142158128119463748991381447064570984737717395235083018633732994119448774023171489363036262260851086835e-16	2.49505708052290249040294408039851760628083801806027116531961075419009469510054256812940593778554267668120028932750228210814716193847756211e-16
43	4.04482607504120299301814798995416200980480119912243193469827283750661662799272774858170697320157692534481471549988213827861175358194122662e-16	-2.9352943057770639745759171765271082561268666859207775109556291533795425385149669471618187429218298741554832080374163216067800296776707624e-16
44	-1.77533427104486743856004255744812086873019023213212106023847852469731823239638562814452341627078191770935474500085111387776515304132105521e-16	2.31998723660148440759410728725124610792670009457492695329447359943961688538596038857243210234448375836318904042855583065679598103037064577e-16
45	6.1606696762241836274821969966637430976875942085797591311549986975661095790693906274602530584559756486639446181343674892158390124559628799e-17	-1.50138007766482080529916073086535913503181025282826436503642878527040264521294046227142169670115030287980923304082046694570930360613348473e-16
46	-6.21286551588303046609010353990858195969262663039427711219274933947730367767591813989726067166501251858711569918581562610573108378804448e-18	8.249239054953586532413951381520763922203555582379328596571979413647970928908187925060722677755973721910729377886965188837681743832061362e-17
47	-1.8725413801514941609044089684659680162473704177659913495932540741950509978421373011925110677776495904649529280568157947900165208917058489e-17	-3.8500099162785403696023464342127837008782908209620356648454732139534858076441195239671137161844648526108377460715343356121745208540280797e-17
48	2.9004455340960072125829681198225242960995378850061477090904621341276113122883596026054439152730628339892960382794931461354487589078424076e-17	1.6062002521885677863201711895078890494557200763039700485615869127480341905369880722524117918683126330204665780436583655612756105988023671e-17
49	-3.2295212272283869945065741603830062375873852598222790543392442782361808265640491058184869029686094278425952215081320386021670115316834831e-17	-8.318231237867569436562957473976535091128983378552735620631856002758240899211908957712295389837113761087669422859073598929574662423216779e-18
50	1.6237425624789341833665292292309012708194972641979748599319641570952567421000119068323092347817096443439240526397059476543280660460730323e-17	3.513799404424782300879646438298471222760972120979514386371175435964207195192640962894167475715165962142714460551109127279667044565774313e-18
