s	-0.956553651185413840637466878569033780034799116580796639340608890387403956130278878561491310274863315333660961803911393804621436647289826196036836532352178	-0.6021068099553276645497478988012307083237212291172118385522686815082429559709755138681055511707520632923932711857562047484026216079418822779233090775949581
N	50

#1:i	 #2:Real(Cheb_phi_QNM)	 #3:Imag(Cheb_phi_QNM)
0	-0.130748311527954266042845668962343690010837258038920306772783294452665131703843528556949290191564989698974604299334686588750481845088582775525109070297714	-0.844468263888979793924265746803831582268213534576709062473193328598004710255850171212214839237128826914137176088812237001567692099025260051336037593740734
1	0.449341802817041229635380957240525616183768349649426899309697335941344789315974704647845680255774616366757871850469509853593783442006235181639526752838642	0.328634948061508935280635075808551999667318770933444691002813130956918640343317085292114088332447151335350480683993509314349184804338117805429958755841103
2	0.297202788418572807292132188378346182128871254518743438548184091224349497305340461233971792504196538388573399694735186609011013370740431496882422377731965	0.097171748740104519760270743961598462161688146647963228398540051427756394861637227102005746033287524641171712470966573289107320001153467790861205018006808
3	0.16901552136489398174868100560590540463766119749604145318874003842356528434330702931093274135949201338188327327008802669153749005596920558249557289938172	-0.001053735013827991395383604164571194363368467786476908824795190738689721844302086858335009003924245654882780934451685171666075422902790253389790043048051
4	0.085750577117117995004257952182460733459750920137191012162323361970806788592378214249807481309450664276928844423286929043822580922950324226051874596367529	-0.012654948254160589075036608610173274957411435913241955857745616853000829883997329195231525347704286755583508207027217013755286164906414782845040365243123
5	0.039571102513507306259502902077808758533868777449476882225995634731783587529539004148363909583085427848678750671467131349608181574003265784220766292074701	-0.001427151943419966705288138839500388519897322941664127702376744790039920135910975502999497822017561577697868930820214585056315203838031816922357317478295
6	0.016334043991474342474137136888196225957208155169331239881253846382930002815892245865668514941126972655016323841925226503569996225057705102574716454118622	0.004009588577200436784156424674205890518795378851688028347494966848988044151317608356981368689614303046074818909495498641263424658515746620784406299961556
7	0.005911548350868620018616923893581535274302780184430260519933943633961740119842581504988406736240212604631918240051412556541326392071389404790245414426595	0.003883247310447619451769480050342376810577100956250052808910202978000867091949537349223880615279633149027702191772857307028534600504472856722887747808542
8	0.001804901522702904738632351955887430716469293162773824042419463006909129843075831651370622838482946200262694863814722468424846302818861534507915615403561	0.002218159819210961044078555646677462503113165026811127197891547611751149984180017620874362656329679256545300840001402177845189031822968799218926330590309
9	0.000426633221980184866805768019769906414770388568734865327398576583397793239319575993318701016569564024589200285837484011992641532733750920444675129529118	0.000966281279722017706258392973820693672680549893587298750406217233289867458155881916842481814686460718699050671242144016086589938879737371527511749140751
10	0.000053447258736387795900029898382136921671364209912276527385337753617004419661103784540910628215876846204662025420646036646298518271168203337978162501406	0.000346154215624657798288265893704556130360922324598631558611655177758597776098535227767578928409870795822659129396552345701723449190446482257783213324049
11	-0.000014787799454488674133826831124120845943494791340078868715589935640993964536598957114456415350699618175597455417982740346788404127163015825921928568008	0.000105278947526501157971270424279786041572865923673726482055638153464116513864750866827917277113447562736220652544627916777949643489310834711109937432777
12	-0.000014014266460610729071758213783945221347260818626937720385233712766970529184597350004017270710897992793602200819547221239223724941216385535355996376674	0.000027412586184878190811150003970867870585240279773618330888015643978435144321451161271323507406156540387346343009424329031718906985837603232077573596802
13	-6.40358105936898957774194496376997577416693549100985976795648035743012997437383575053704182521804302591364292356824839395574816189911896649887364211e-6	6.027299087197247388032056510900481013019839000179609571444036256256257803373602791800662113464831736488877765697663368354570438552252787078546990407e-6
14	-2.205731685579150593534552867465142045264815141161312708308633444593583185045082529192554404762643254077113215411642701996781709836542484771030021005e-6	1.050306722866674070085506078949155069099341818061629938409216857781434322825356550157397166021729604710632029848392778200315799325261785849499307588e-6
15	-6.21515032049217079717615512379828863966177476756648865040393989897020546796118750250561377464698052900706032480480425911033851044466652472720193688e-7	1.07003438095714163296395537250761610960123072064240733360548127803903341058709536333720668738623468282378937279017001427156483136493029676677400833e-7
16	-1.45553926659474962792745663818562855477902362229313088833283855180897289902664231665620134956750449567797353600446722648984774851457307933489698152e-7	-1.5733553399702892103426558048662857257643408576439087098513559623144040860509550128025748211449268511324997543448143222113265265248504189944980743e-8
17	-2.7848665040822721689059341941940431024165015976060335914215479033591403651941980313123111464136388495683713544744261473263773101309119975739897504e-8	-1.3823071102524454186869427778909205385112206258753861435024186413326895972398913877007082209188934345423931612023535051700331021290088086244663523e-8
18	-4.109609751334463207622562552831512325816450977484642718410767724288576619570826503819515260467727952818428573793101930946014278372471756205105959e-9	-5.37701803311977996259964688806578916058162512810253293332731233099897446387815155384491007458252539813086534427248611975913168742333116241326135e-9
19	-3.99315188366617549467472306798918645726392221288820468553437645215074278187408946060627990904919724244247676120474773009834034005948173562719369e-10	-1.596156039627845317705651758662540867146701844129075453709378862296082934548848386015566217853146067844663852027245670757203359612169963281392646e-9
20	-1.1244721575195727654960722706335174813111885865292520294786801062936610972663100979347613498821978921809321756501500572504929834448006374608901e-11	-3.84210519101688788320245336061745178156083495102308587068703785416688391286516618214186159144546320997813525621642457938356534287222107360013338e-10
21	2.009165302850399363004542147750967877576421155405512782778169241692746712200453539470294407374730929265138656239800814513834217710507990745679e-12	-7.0891420429486876541995022277519194148063384859255850078155006532782524587666672000355325769920988391638684379311808896867054893851406244191485e-11
22	2.23610197726449327819549616611372291936450184575300939519974785171370163632352735152608856964584987368391332908724335722661376650885165854135e-13	-7.40591315870665869721519654294712402329244989034477546045217975459503401711906166630939013338950826403093113930910761122424389920831682095234e-12
23	5.37365591209938089786672221170868272436465465617490466898670652094648615220391815725037973596096641399167823095408159433695675997166294421695e-13	8.03658854310808902070315444411376807419468417652741622204067403906674482193538600118214623222510596902565741911721741823451827706622457452257e-13
24	4.82260788440343016538247904467248370113535220648208585987948403137883604761573621220599447538736983976845185782995487357073429894578713224576e-13	5.62908815705069878867477074071795969390041934628556549035215031180913079061617323993674954666061553886407290892829295449427217213662391436478e-13
25	2.20506243558182588484030899584722866209191595220465548114537744532346842020444531432351559749049495405635222782750124446503991591459671804929e-13	9.6651617313386305019574306132826077413877073731345659259971300439284111444244055311840368202140996229107579522524582319230920990173415689077e-14
26	5.996739018468746233185155996854612214486143708945761995565032009619855942818041965525199113946579967886728320768448851994439199058196935999e-14	-1.7168392939182167349345991240841941688516648143635940383958880624254389138623352231334340524564334849738438994775787027857626322917416016308e-14
27	6.469498793339163306111403722795904352406326803016626312672527161226410261283274356435078416489344783683037606559358533720155824465512879332e-15	-1.5536190959749606866845321450041516751465695300364644618972313804895046487355889319597170094896821168937075023929780862878347709054541485833e-14
28	-2.557948767736678743586690736125256144848868584753530903765166296515928074699996816727227096230830964757806252999444797052933888430788471135e-15	-4.48069526677351182243367461080142990201114810457690099525561356460345723637891509384498314260369335972705957870679017550855629727892379575e-15
29	-1.588080849795492895287608487600757316537894398755795813738608366935484565188923280377538104242924540451388525090372033587793461702776694501e-15	-3.21694989380636966444564892533908786404462346753909760611471366534355657606868101025678939197833184418446689244455198739003744013670984112e-16
30	-4.00586039139446530437852613800128491662038288657257492189462289797890806384513410811225158235523226867300611770057806439123056784532053278e-16	2.94289639699480996873083285851252702381613960055047442710107265882367587455702455530974148066121787865620264562404796682136431449543798172e-16
31	-1.4336410994139800582345413654149953553228283853703928126918943277931725566587905256260876043965763475182808918968407337454612116953378057e-17	1.50090953067800052886926327204451151719043885974735781580845261491810847242402125910656470237660117039909523842056352180142490007061247538e-16
32	3.1391509011287874051430191697067979819495002896082187944655544641626704644728197901211483809109505120794557020563362513323683540265048448e-17	3.3461619899245872670813788236877357167263260397347568112345759663831480173343904691909541213705123326047204522987456004435378956104421221e-17
33	1.4005935835186543371815035499805972498896256073747203842284615985626347255297908493242133564545645785388002566168843561204173526353394445e-17	-4.35859010298975008765288043315476436919041041491692307527612601009061442838169129566813776813650631367327532396891535431538096406916229e-19
34	2.731286294410650756102931019560815051325419370905696875118112702119793449734033023199027682336882787626702835106671879880331462022809183e-18	-3.297643859661937231747198676431724704549789134820772029957108346909803254436921064700765424729964483064595256497807117086225043361804835e-18
35	-2.0449260607915786042853847261940385515848749471479798980272016200826565448289245207745885068610386396191624097603089613041787830836226e-19	-1.293411753866090484242303024738720898258463759924118768829010955853572549109261038185365448195243896322289384640563734406451142567877892e-18
36	-3.3838295272007862468212133711171866178202335125135488097268060196220924769381214248106530346278455207187401911557252139433236707356621e-19	-2.14711988971016896414161790719325675713383689432220218382733074673231297350757371962147125298612095044185788509182558179401729366572016e-19
37	-1.17756248930847736103495590426969552295892297027223216350635167620545857814228953887356482658676691687220269821033075074551578223052522e-19	3.4353207670960171100763412762388691550178716068248998160326351378663670487504424354228396698668418620292488014290678758387404114875646e-20
38	-1.5893169481699366962276405702239918421592298652459546188066748806960834782628205365393525981939780334351630623707701713170471888830014e-20	3.4059910573099507678316236583036366092349695180243138781591017681018107657125657260936629731572902354902942822239428123989062999139468e-20
39	4.635556785967404286986713686774585652588868599346932446926749996526146240861116739162674508716294492570053908589078412391039975719602e-21	1.0556148340605520814318866309720337275053985178899231477886773791500764607704808593025941942677092279337482407550339000874626841709735e-20
40	3.37171755575497942178703879483064862902323410308723634688204367042617819548164407357634175863343688848785528800713573205916288084458e-21	1.066589575847406999635504074415023900151942506887518374494814319920313819426586685365720636435158622338060332215554401211560389194349e-21
41	9.27679780318186500723142207769133311805690203869884580177178067055271598230049355233812241611056311412087533804447454469468015745104e-22	-5.63115599488161788739745831477640381564895782281764452402049879236209195033607819300573465976695831606232208553032058655471556478842e-22
42	5.7305815666734522358736166705151524063674879676425805300224372426907218258060007043442727349747640994890934369879330308616629304671e-23	-3.28458808446531352520890589913757454600744955966687043015215309764984186727806012878968517081643385526066749268691766063852925434164e-22
43	-6.4408100919629424190548856287170691493896066430233756479411703136251093803617098858488216105175534463944232955378194127537671873084e-23	-7.965905359384012029601104571551611294107149996762274123367235397765663817943903540747170014160435078629223456487497561445041545629e-23
44	-3.1444360094264086410690901931311934750697911089271605002202304508379103133978203673179587414404192305833951903935156946952097958538e-23	-1.12456711445570842752456405684004065484546939147543406970219281463076040966274516783822451455713138704362083576353230115026912558e-24
45	-6.592457405104654309000003526902920433528132342484891407725630969683688260127602614344270559384262103207169792080929424115165198504e-24	7.12050599255820944237817609251227587689805850940385780454737863921164136970738713445021539540057583068453586094759807628592755077e-24
46	3.4101462336863260554074223895547581979928433174853883632809958764315638695617133051267512428524432212062290689992017392602372566e-25	3.015583369599238970414850517830861200405665646456133884494690936962192700812334514233456944945363276983883584401752019700492416986e-24
47	7.88812385497287305896884046981525690673962069184875916472950220237958869805242651283344308864921258974990503566712981274764070332e-25	5.69994243804898203384662920261497392935456918338687035249848688569614265065063269358280407698692871079813369864951319897178932231e-25
48	3.08914715463957750657750192741727128087388085524664071088441844157409036848686601985161055693689769821970196964069796350556544248e-25	-3.2114657827397704547908480822701088318152716880130214496403954437236011270337256104771791057495387901378909639439059027447058171e-26
49	6.6485430348791602942325132347570710675636191027321491677301576867817384331827494931290914081568417399409837147691343591416775255e-26	-4.9234663531877418604227378428505079056927186577719804505216703564360632251338063493041088441386456229727829611378802522452855575e-26
50	6.87553225096714076965156396479104368817071441202142652066065917675806583090670590779298729597811166052403380738619605801877261e-27	-9.976387845238411470085688607668696049195238538468385945894689171379312837952518361442028688525739995559698736117051690113308595e-27
