s	-0.95641636092349763716455434558710937509479022455508427039171668195064597522704838544232891762513821496902124021282777956587064878218724166273354591053579992	-0.602314832992644902038449946129537236389085445939239377766728933440211302098899526303668150596631054149043810234856616433605499138407438121484829543586039649
N	25

#1:i	 #2:Real(Cheb_phi_QNM)	 #3:Imag(Cheb_phi_QNM)
0	-1.6184261724657203100256759804001251064946852337937838805807130554878482774329755443288235577699787948173342432064364448508807029418527536751433078021501358	-5.2608112927872977498604562825615990011309248277179069297655175639870196383377293847094185500361608422561518531064389970242578301614234119495798430633110079
1	0.730208629178479547549833317187616689950411003802009136788373666571110135039485161246577786528006356740170388853717121633818069520521458024807642245940121	2.8432816674965194769392922455240857491670849684384281345883732931600518444754145878804144867691750642169609551149156028038486771473747583008960862668436332
2	-0.3769723833389820506742741583228043549204156095926505147505206140716865288211974892389344629125297481586612496336800019914793654496825742757514872409278722	-1.2205192365491944189656573943617648612971905731877405028678300222484707223250598860601281602437761551753827439070786037313238202015524871718633802360147135
3	0.1782150522486948655165784505489687823897376449480062163121538398464862097297609273530537464194852392641543665916774674785238844393615007270178696371773038	0.4638834005888761323063476717739994811422300789306667879650888682990727336006920718280915244559514583528193360136239397781954585838448841163795265758853381
4	-0.0684318877246036260019025312134338316497238546121471609555646786897699367158459574715369915433062812508961872880754523272073799040915657281930693572400232	-0.1542556122800528876354311167808444615548920676578386615597568939567513828403774596792749704414694680790982508615665851463152190351874022996707631686574719
5	0.0223780447677057588497291086652663573551209083615558382139338823311627325312083619863979364608176394446021168675456285784771679490211388847822967707348291	0.0478617558775635826036440066571045085780418530727113616196455328086848948924550442691846807283622061793639946250077556268545539290711826716604083100903941
6	-0.0059789022448890784894927323447385976826228132086208939533542151747958753187387031610623166191376137799097076902497442310959284733775171265124131104124433	-0.0141015184982271847185121396261940862334479830969494278650454987614446404063071750236132449995699926301760066113964403020071425040267788752364116674661107
7	0.00123184755577483825500086882517581750600563783674730768367982854137930641168593116488734303256848229494282553924204811220842406735685667864049240072988	0.0039516410204599219388392071331096485180983391462901000230473177003057528030273628632454572176221698977521211963079318139999396011905569709277369260600293
8	-0.0001293175464501767930978668871593699124955474875439528798599477126922762916700292902931148975884183470608591753701068441788673534866764339543530125181424	-0.0010437503791001321658738010380084451561144035059407828611636388322287458022548927083851411102261969940783347935411179965503603796488030546184682376349903
9	-0.000038004777808940023003191280409568037459919969321101971908395180688678061001090657000030770637791349852101521411112606736776108161001079803659500460283	0.0002499261613170223959988123478188655975024377749876244691896658743892771850315180837360759501722973972463477453358350332222171338032643820749058059303274
10	0.0000302982115783862425013295721262649293506724740406762222035346608454082845577432454244854004156732183819415033108538505596637408659818390648442823568948	-0.0000496733989084214787164790085016421148712333838566357708348765130445736706785411992484930944812016618791969890800387524616607877344904696528623007365363
11	-0.0000117676042331109092392366430554193057876675139186433413619210560331128246484154355849638785076968610414477487322440533580402554248960498628552105740969	5.9325877101600485810954928334010994218133761334081467858090525236770268812190022806039186323187613311731890260741882599853744325241877500996613271225e-6
12	3.0283866366878104581999550122346680075017243414817716825286427669163553611366525668398931353434997334894042601845225347237774022737567158038775991421e-6	9.007009001566730739497431084111775538237393054461236436398134855321876260676273060924528224683560950960993151406955668201538980190358057381507105066e-7
13	-3.331617889884515313305972321460013193341578941085108684084529546188576305137172288234012664553172137368513675238161537491603110508510333670135478887e-7	-8.570592839049220103017603084981854875003101328465334011442368653476025854853348786782863955515548482381365186815311704241683594650212498424092847808e-7
14	-1.615094409416812380726283394184521137069923851020299587017846690054849768556657088019545408512500025349202713939173029335007818139485222600010859406e-7	2.865721256280813246047466189780439878822588174710904208174146968486956424160684537637748796782194876115704403770701817468525299144964344624591188008e-7
15	1.227889175477326153750359389605613087479410772561462474726749021830918354724556884223001752020954996844462700022514519946853563718093277919099412447e-7	-2.87904185454332009341368226083729210136010379305976211536748480804358111879310075075302215394760736037393665362360367804066456274782804040952032542e-8
16	-4.35952029422679061916055995297766282237033378674202178261192720769333662632654285402931037201248285604353946496709951879486908807625324923297160907e-8	-2.97400994213878099214580996935770471596940080185411743561670579622566246123312292765586852355212596876036957254079480289869675411465022970540403847e-8
17	5.8928591011517527447180532054052196905309803107140227363095334357892695816775967803984838742274195807762692387294481357428484628879676605331209529e-9	2.35313999646771960287145142239692262480867102456005677949772963882697957080451954991907024909565499938043157444143161653270867418529076145585085311e-8
18	3.9018169204260591756027844149071835681526847244653558854368206273386774932432625758272628250756786817024711535292793098424240492667531661272974749e-9	-9.5318786621325616794992215637943384487620645944519137169163005525365833496860938559284170448137478476150630958011432300822767638017076134755073931e-9
19	-3.7438997055940567294319154791260867630308975383743863659006028141231470072924838609328415899171914006107552924196774031555359080619502427526550324e-9	1.5528099818365826397936789607203946702378302026295166670618181365782845912742924587117980434359695033851636238640079672392276898419765958724787495e-9
20	1.9383737392909625645808079406343856098082665719537294581632428190974155185209154378738994957743124081326810823167766833433853852510520851169993039e-9	1.0051158979092365099636992438542500513030343440432157661077132572812312029549716121636682574924216325682469404466750963607249030081275748063683331e-9
21	-7.058171672381664457770522617657271077316146106537965902843259491728145574354332824979542490893493654876285122377321883730699013111599149269897782e-10	-1.0484025285107960904752065968712040834000782761810172940872194324988901572072950177789448846524647302237537992169623644915767870319696383976130725e-9
22	1.242257944608252304296732421857687295128608516839861860535717863484906025479355577296216029532794513353020594921255289649533275089717204445405144e-10	4.911643530837064505875623519629587158862424151177029520179060361945308206030124568113977899964271889157564795717128433285601351169056282665693546e-10
23	9.65188952119759809449989208104856069265105374084543015226883607579998839439631699241718883948673347478876126706451884682317435343080765019988652e-11	-8.40109967094590269026537871612344703524787781323235627759711284595387394508244002853710101612316402668906946448277176530887307080289750409694718e-11
24	-1.575020079817712391761559877792856448125538587812684306425421518731148374734544515985018789551656644081353289852681927675178007103975696635035813e-10	-7.15517078506847699053295289020006356923311428460025945757095651604961362671611237041468166926455101129553858625475095528370314983658267369595865e-11
25	8.08343397202891798920136974162430101750498166763239923606216947544886589266758354980759341615644091852676515841930351600806077249273798823926221e-11	4.77158200824960587163111596951155381878230009273707443197836040152185449649965545334430352569472470634662286129651067769890172484941299283027315e-11
