s	-0.5478297504897749714621032783672988221841775648966049530087088664942118899175603538714421144523929002220512974984960189963456291688951434724543232762028626	0.693421993695985889378204516956034569133229868515088967834162328456484547800054519247504263284577140108156595135267771240652321806050295394964110317288994
N	50

#1:i	 #2:Real(Cheb_phi_QNM)	 #3:Imag(Cheb_phi_QNM)
0	0.40287256646200564329684669041063558169864695155798156905513351439505686145581604524328167167197152485741543036079026481429889839871234041160993039289385	-0.553889743553858302379552455899512353151359349588627908624140574291424492815767428052520395596146716875008359335583798101535207407803675773467111982291032
1	0.415444085331923987579293990938958616885743274523460027561707087310576263127826326283523654286364086142126106451277184526940324871070839750634206182813975	0.267485199426673467903939185421555380760529997762237782501914962439356098114847947659863136003714595299014386199525051838401250544194251562603188330815385
2	0.235455619787193552537679586551102518125762923249798928626906682411415689835155777899485032307488766403326504412201546106486695868726226277443145825897922	0.076868729233496167382672544348415316959836483969762378380273893834834833950648888585514548523671442782661768814125965953669080701119844326748512909045505
3	0.103379327813573904296451427891567340689894672967444178981741615483212364095256653586506678391553792414798813503284943540586021896146930357090412719572299	-0.013010793694818433786055911356229878237602801844258933505560671492290413010724857773733822303768858950713583586006286041367790255311346998225398920208721
4	0.035232454579538990953747062592371017888683091733827830946834918038731061884236866662533435243422937194927878015825716207624831252495303045860220885115733	-0.027790461185750730612212202383718073790084731823101568839632097238558788780130893461031240936462112188175481321457091903311282509360378927973155180616974
5	0.009003153484486722136126380596180012095383208464684291180402885713215754700085486659861325395948900530158760312180247094662981329840304370689861048084452	-0.016764324703293321019933580124696198832795677481952674785413461483414699382809214604177893120043650778997282151250609575491457594234869011045668623179305
6	0.001106289326163144755983710024536433195358565358312189278468115684055206610543781735192471883191427669321814993940269383159541496418968093101123546013639	-0.006973736294650556334168683556021620102852201962003694117201445876238514972645123702241653261305069313033527307698075391548388544926256322916056304736374
7	-0.000422127842517001718272588326921353378069868598167015980832696506838866699311670532455222411609063959157536145439104399455708315476561990288730170852542	-0.002216531513411128903157222598926438042409991905942287622222322528611791821050534705729107090433561839261179791532657803161000491006339560175183984536381
8	-0.000381909615733258746583684498792998856249638833983379054273176548767522876464201497606272720654691048805374854893817031736527575471793621197815694062959	-0.000553381298585317630167034919443926111344965869009436762199671177784570277564058118584808010389950898291565648597629425546532659890754108150262484542916
9	-0.000174754935850580080418242770338667862577641005978261004943188836953498756796244966519880338541916647853456074170766327985245397796852932822207292088997	-0.000099691703627160382575499698221642025763768167649186371657460845829287748762479350069131573961653432462408335158248783604350169317834883977110444886851
10	-0.000059177573417771162956378850029801558342615388824772895394160758739026835849446706519384628433823284063491387127877078704501678377074039770973833798771	-7.088190797234418776737203834991041331875795339222756529733719661785093892621618427638875497145735054790853680782433989020355851002729753667943827347e-6
11	-0.000015718457799156386258909237936425595729542599991300531044317299544699385157014038424377212673554517750773707001555340675765332413823597315008638001889	3.707517923987134622243578623251264078718892902603056003464358033626947740556273491125167527433895955521470096526696049673510061516999541024976176769e-6
12	-3.176329276272717523372049233932709376102549374722205165289833538512094495625527257602652976924835213145267841057824488106167072579650260599280022056e-6	2.20684475918356624954391743705825605158446564760056610977129791918788767447069556839345030021835695128233828867209915274926892293415545322052751585e-6
13	-3.99893015888476582194605116940651616588796019563927922635327883265947911712213324510777576914589107217330473921791615401108341092520972755543339158e-7	7.72063656432887629297492399728169209457415769008816061289016130511909640828648385967075392417698800148322299943386024661384750232953030601279016091e-7
14	1.5200881417300044942054910909458246447874929527556643612596716748827359169054465478923843871722143987868899571130274904168470161571643516329998131e-8	2.10494830583809424171031835245741789064950363635168794073726614034623775624361829633332361718905376271081522281699284456914183573032469689244654765e-7
15	2.571124452968866216553247017358870809868501091389351814445711147705888550074625814206070928789687397352392746942230748385776702730664060366995438e-8	4.6596093319832342902246648626961068874141551672563161894251418391882244805935898155744421943013043745291930804006621829154977215189661665008971855e-8
16	8.298473700095304002864505589174975561869417485248885102547279007074137067319307318893846067882245110973804532317985728812405516532183230372698173e-9	7.836462244952578082564176683199474557941973219522368238527956177316655714257768039720700233585057010920655202595075851677310977660801355325113037e-9
17	1.653831876910422006530863348862517316594206666883660242519144560551756334540213581733124152312789135698251104657875637701420478006001383111186111e-9	6.44422244314996456273137658796094784371242377045722844522351902725377400060231653346067355890625164228249246282428410995203249484884496541195125e-10
18	2.07520184776521742718429214863227943656376154674225952677557290113304976427331309212807504757780472624917530637949370885541132130388693472441762e-10	-1.69706582052035938174504878761039555206136752819265439500397571381887495205941421766639166184050642790039252099134620964371302544064695785854411e-10
19	1.5036597918747145864154968112863865317890237286260269104038748182281499384383956729546963944014797173191053682683263746620421315270519726075683e-11	-9.8269585964778706414077062163885635012527293855227557591505142418257032521175271715012458343400835849780606537188583218328187755351488119397308e-11
20	3.656549612860188007178485669436074068389892596394630654200586378758910455020784112070620265714327301707714590257829682208422112036266518576472e-12	-2.5984097273141030307668610922753973461534881942288214580650186127503982926668282617081630080940173611836397223211804493003054480831503348674615e-11
21	2.385530941928677187581466480637479850492589502802144448040610475793107931201385092096137838904191855167163524212267598775912359899176220957582e-12	-3.381607727391429796370603722023179808006594595623648892736304832706114732186917785833446396862379864299592539681233873286676047202336535452344e-12
22	7.4748405995760304812176233196187670744598743498571854753802327373659465452563780803812521355534896534392359675764551508329028242214329208087e-13	4.35968171434816160271336753319057158382167091488521226450388766500039748653749904719511299274761074466035638106010725974043502496084917021634e-13
23	4.6101797863601936673459390802152821050009346978224955502468270227082972746149682591066738307423005698766030658300044778065042207321829257363e-14	3.66370363711932942066259062713283847424631845621109720873450230198962346265946100641945275257574946627086236930717311744191925766167647416673e-13
24	-6.1532186586404543055932211619187849603405656236155429012480226951846992350898343703814327371867321561003511006457989040669957946081699572587e-14	9.1666702057884596170823891656760270250919711187433322871531561761470108559401139121197418601791393247350679219571753019286183655656401503943e-14
25	-3.0289613778547113114784220882006852839498669116962069829551542774234107241842516129257113750220021026210173321712598927229865237503250481689e-14	2.996197596380314015303375334082800328289506977879526809063972675397273724951189854368514213625322808198165638111799706731298997787174928353e-15
26	-6.463208213780381689828392169519313554824154021925555563560543482509616862287713256288382589068166945026091492687272618058306070653780900195e-15	-6.641858238955534235367779300994461632318586218953428239095643215117907638428641555846343044662351813458855299414037443024515466259290825457e-15
27	2.04493144897642908029244432815903537144655527507700365324261563311858290608170315281024211983202462160672103986308996577329093707680605891e-16	-2.761060426985165736590354372011480760243610012248592217135961845061234124592233809911032132346849854262425105342175199997058385499718261331e-15
28	6.5977498466128161585443120458036566548050574883658664739722571163238520829643963586665755852038069726822766936673140936816588731053164049e-16	-4.71461387206768069715707775263058883781732837243236852713432827621361001472134829779170799388094178717994481156982760473056123484421262832e-16
29	2.36989426867045089865158990463224979056423442504682555046891019609553591995267571692620580348277027814842794973292906511856009562347312233e-16	6.2519826644522191046750110638903199326763372841931884141238547424421052542995563934147436381745554860689460730662427070442364295815706343e-17
30	3.2510333230761306236851870513143146531857413491393185079514454012828020883024813340059534748495878426357023628302846436020531821962259632e-17	6.5935747793015245637774636082109687354502504899084284382399780577499913321778400177348469241628254092694954144717661725677515515918131555e-17
31	-8.669850995359572830161328952350361547610079867057780279287407713523354937179883941199640069365727049650832894016551472955313462330655097e-18	1.9934614871088275638423345577428175789667395046948399610645956870893180473601439837913275795070430439774098149148987207782829658756878432e-17
32	-6.268753448907996577793130052074946886841056691010127014402482762502974635726822351476481461786834587046675447198228195168040489386612697e-18	1.832033785414595890413823682741177946528166500147397920617270968385941035061618491844438857210556992548740051936992471167737370351789077e-18
33	-1.647501229672480739401920191309520248376004469405233485933894095208503909015584027593330947795657703285298754805983146712624439887775668e-18	-1.075652799429449501119112215516061292047227909012359767362107556972704498578319536535273760162300574878323000681198235992795172799852971e-18
34	-7.4381181245593773109725433472512389188130769283941955806359047451329560454448790770887399672548550350914981267581604466708052630136733e-20	-5.82189413000597091850769373776828920037735374562113271261102953058247545355967164705593213097518374284064249861419531042163143435095574e-19
35	1.19546082391197190178201781292515248009987824408829483750454574120006703967356634162262848123408134242589197967671521604773473286704878e-19	-1.29316096725346582966948816049826531461965464241719246346236800745788820471007915295892779232706059937255680783725541741326822517638308e-19
36	5.308438710397173045986338986145817229013443243763699983792385971253953641852188282503247708947797521659216361212137090774765350588924e-20	2.272346939348204097757148541711076898110649822182531644168470117458182681792876459926990733391073592468410903228362266389464873634052e-21
37	9.806186133152481719137815343097893140549854795818229970474549396644560629918491171584552976125219258764349918168373613002481111842866e-21	1.2577064882177043146194874950498125253534362665505484998387373961420220017781075409973635278517196090103813391483816844105436998928512e-20
38	-9.94769838513330704100876561193913182954332435536376753276180038655283684165017391973977996106929024178424015809924025849840103735605e-22	4.687385362849875330997236259509686446095350258792520376247483385983026490173637074202778898771437764304466367214454211388052483497552e-21
39	-1.275463084677715460015725346919470444693503714171118937119778356365395652099726746539763683899905386826930141368352339146907537797086e-21	6.8302303712669021567571625377113629131039391763161476582900199407647934985525597426209664400797512416680261758574907854170575866638e-22
40	-4.05660844193135338734629808109669954662501137875289658661967763696554888748847433255204882257863999366343134332114113208655722894381e-22	-1.60099020337088521424039691497858727673327126645281991218383859452078704383706697896354911153822551339714061812948676791038800042217e-22
41	-4.1846405726991935309917215804852540046927318254526967973484607361721660917233081524369312233810823357949464292931000143706474981383e-23	-1.24498315218809684469508590113372334640053264979421921958611366065375129513180499675917603842092854320882535508834497686991327830968e-22
42	2.0648124603724891283914624005897676995842592697907499091759983807052452594838453549298658005647750750887114911765422825463360488033e-23	-3.3889864278923752229231223794989245760713862810242609887366899735004645155374403285020618493704095675166616968113834970810752818792e-23
43	1.1848731069151480525491425314150714312272380157877283267107182048985557794681452052958443205075319692113204196461458042768965525327e-23	-1.836615194602027320119987695271221050353323251501601345087795395981132815487785890107848512845526467552301719145731166039158241542e-24
44	2.723573905039450141878934910310452764476121425056216027143132892484548444029841031614451342386683862077711459582673602949078730334e-24	2.38175399468995383034144451466452704045772017779834303327969987803255497543006416120306232005244266292968396486273228839601836257e-24
45	-2.6875930027380777523358304750359994450757771720007912768376958862183661459856259569170516347691742902389938921302303334317527404e-26	1.095910870823753937820499890222427697096478878799544735182161263994429503386968352572885365658726896160714571761485916152057671413e-24
46	-2.63726367638132232546067565752808347528845876819819354902905216219754324268502613778941690183088496780640751488855099078482579907e-25	2.08621260117146266835977301836919703527905477352592450956074142804037656747363116524867292492913668366285220476925439699688960296e-25
47	-1.03961903083167583699386559356282425673871898387547133712108524861085431565722249621815325760241690707124418739978717735831809726e-25	-1.9489724644689976854760874809564583510341176711965837297643653625000729829929353553019379555466304008685316408568132880894718466e-26
48	-1.9684484459800589578824984313034305437622394362022077097874118142910504073967292430193141281565463476391236815541091350570819579e-26	-2.6939243139890000989621295151744313734958191473253127198068384105887735089347883541270302864437706107453623442385307563902828884e-26
49	-6.87972341183609683405472692627393185636414521061204932706815326622890044517501322829075852281552518955823170602985131209861883e-28	-8.831940883802617674738847810012432332581692273846049869574988713228114194545603627629722957888852127988149391064109435430684854e-27
50	3.37900897476512847330235006074186698818764149476812230535189406065441387342116355763852186577465200890039475732280531892137596e-28	-1.251845287721847537007384619389273272046591917603572645316657185698816153631376825959396217634928329172871077469799972888439907e-27
