s	-0.956553651185413840637466878569033780034799116580796639340608890387403956130278878561491310274863315333660961803911393804621436647289826196036836532352178	-0.6021068099553276645497478988012307083237212291172118385522686815082429559709755138681055511707520632923932711857562047484026216079418822779233090775949581
N	50

#1:i	 #2:Real(Cheb_phi_QNM)	 #3:Imag(Cheb_phi_QNM)
0	-1.61596358701154961207182156766290688376154610470891504424471871886702743284525287270352874326113292015028331250568772625468790958763443148689932071114515	-5.26985580288426528147412833705181731894935478761538058262265295773595453847839970186562184548500810004794402169708616224281826504195650770406053281330866
1	0.72880985293643651524310505002501664278974857663103839532573930272311085321901804089462463951892535195454950341170530266306547245821916632328667316895937	2.84834688963397539661328708899085742884741812033925451883123884860342165763286055151194938640762845901665843385496483387864239724429133322508683977082456
2	-0.37646721425906983662972394955162667822667469987470146401467034286009762025662027221323445482761661481279527693642175639439816689238220590111354342823151	-1.22285654199712457718112233530733202673145287439216961285160866264481387429730679948963147663515036289162501509337733625222920358558052015070241850880382
3	0.17807180272245118858973550655512325201200458191456846667832202848270859548661928146791052521092849813481713036764933956260596117749872495593193370613908	0.46484557127147080814965774467273345472537329797995390800968271302417962934956857979195303985473561180205658963805434336389899071626624411708506288645724
4	-0.06840250131741707316267208001761856729986695299783299682159081051743575734189322078902382948578590962151731464073688379834282602597368334971906769974936	-0.15459606114288853147202862507872173076817520751079229746510248040351918793605042915536151118160619577481509299202675727179023840130179698301460232659099
5	0.022371771667120753905178330296602838139582331682436723558480231054802883615687155476102644736029856892075279077884194806402409396115890569185398207327	0.04796952277912040302684852176388624023890743540251634844757788879279276239896943626086751406005438880710490189864436478973764289662740714365662464626067
6	-0.00597593133112147530001099805094601873071384295756628539192857454430837934709031877534832435060828209724629366900671959979770153677296256649441045853648	-0.01413231593292310899572220420789259361830558731118903480516534197660992154047054327411026661645684432725699875020362022236958246004276364241156514784329
7	0.00123003867131612045582974672687417430919995828310441572233353201698278680586164763139485727257619679896284325129083598146691887971374748241608924572933	0.00395978238890548929960924746346556160934880453538926626215870146587504168203074269220377413445942714180740804276646231480636098128383144981618649696943
8	-0.00012849829737476254819254043879128268290321585576978418355209666933886339940760146149276976877260356937381823005075693126679676435845782695634804147625	-0.0010457634175546791690030004607785616927474144159316180902101926292159517005622821892513307050139306243129713527467341953570746008780623607007480348556
9	-0.00003825937757346581881837175939328801311985733485761529225399384281165830732907236772133070050987970643293415154044301886938237044588319882354945258182	0.00025034293934406070269507416187065331298440621508284821826008777008523908598119521979656014679489889945907058957126241573074122985779581277004559601526
10	0.0000303570767942290505977735133575000533926293766944038553550228086400948830975850915500807641416625021686738242189912756437576028853965617937859531192	-0.00004970493365971446660559396603888425888273749137974604399211316632968458458185394113067441335084876863707356541031798541048778583613780301252392878427
11	-0.00001178802073826654700318203297891406080884994412306653868684196762848525724186258185667064205952448357609848918753722769480852711832332180494075145286	5.90679268900270442464346512638223179739953376513949303192276830631151922365794204256169324241248550811548871702716011352334356838256614517415234135e-6
12	3.04164225663030519720056415603913255110127152432991092497402474853750565008059609631187858165844902997923544282898593502528896283751443032354094644e-6	9.1128457236766671923329797909389364487133053761995474343067437013112753675910494045978691032084289379781004692856649970376570516287470582335043601e-7
13	-3.3831554105869345327073092044963260370746863932362577331230893834741094916180698713470873112101650007620974584388545195297109194331577102742430163e-7	-8.5392156892303728192025600671784795128323920188053623832712698373100475987529590704716718508065800656826945162664780563728610989972054924215068654e-7
14	-1.6287064978138557796326538307822366675891554199734414902922385609919829128052443446982361202801419888118051479497032826603659593550701455025062523e-7	2.8178123370270130003444699531994438480363773956321782400899932394254914084666942948701928493173425917699236889479886539520936949611454688245802775e-7
15	1.2583499829336882627399891809149325395927351416695886098471755806681049816734185899390848596890620707019554697702289431796893120271655571106676234e-7	-2.735045086799880682429557159005312544308987786203591313754349048682358013965728087269836865736597033094330220511541299351192956536281878801408607e-8
16	-4.521789618583781740549778965121612522806984958146658263567929708005896153728225153983755303205866120457880054884252166552635670904141645876316898e-8	-2.87586393605444453236017315157149483138801057070716791805536701533542347713808255347899329975366089596091214552935803496105017229650793822340827e-8
17	5.82035817901781160176967277498577135314047375493246253264476999142829197274676200793848049173428409599497803841850472531521255306011747746809439e-9	2.229922517631466171256684823784996752587149589826825396142382013167600341204307320453144575789270388106962429646768634266909283194701775583879211e-8
18	4.63485548541908728091428783387702412425337599560554595903748339265439797562816952646938884187230363184647763894893612039185307203961146480468841e-9	-9.07622789499707559665037688183630665880565518910719019066131412444347526431517031278597917214155121356014201897498600750427325726237043993969615e-9
19	-4.27589522748163804148316119684793887091424314803231026579372577066450181261259110020210964512156393920159792103059876778612154013774055116527331e-9	1.74806686916222170814002332702787634472444624824239685501226232565762053543111884902391128415445757641881610369282604815783162762903015395032737e-9
20	2.04044225027004965529392307235965863196631059219608275790140806334351004086116607587153644272186650815827492674246981648196627936036050335429486e-9	6.5012591719257900087430336821635036663124133483264347783617528785838582963938766898595759257228190897046262228946848653602347142976752307117142e-10
21	-5.5431337200755374064352001798403911977851194172971682070240446054396092461615221635063346891737589495747756631700182500381248571853459203092066e-10	-8.4870335413057836818931485551611521250851524229591206445450918663420380030853364859254371754446439888147745777485092129371544531610737170218322e-10
22	-4.535954128224454712593560104340321727626804007781375806479515358255387872851926163167246953339287738205433645555923101865093645149940055648136e-11	4.8664430928942581858951187379309149527055529195039234177102997837585787243475679700173279476938155010834716094402071006119583522722079497654296e-10
23	1.6387263812544911836882352372328754844332558565800368955880026164091057077494348359443687958323994468916579567878660089827897028650314796337314e-10	-1.7454250037270623494107554946505132738873339726915097335715217352451837756257360477214081711486040950223826277176226342196800899138518567576905e-10
24	-1.1748785185634643731442196577249515439279000689481246637276796129189373779894956516754343751872817789446257607120218116209997755579134494781304e-10	1.949290468282304132170175721756384269202067204302931979177390804350149431461154191205332193005338947840697582107286652418546581540613687105153e-11
25	5.341952711357491228155446122603887180480273602350202027376254281478953341220353390143758279693493579528710136192684520988661223954345847703772e-11	2.775076330402746407599345288781587478464169737029443915651196013422677701034080529111965342703997001674609833412670706568849243795630762402947e-11
26	-1.36658634840522708660332002091220578461052449443734226072515165430353539237722564399627459717759232679021188200369342050409706206382396508807e-11	-2.764766538584996682267103042566221435849578972828939677722264839116311041561965222989252302298974225247887970210257402271299145684656200137034e-11
27	-2.61580783530776881914127638029698933409963099885954808045843680744360589012534429266815337110996372383177211970988372629614217258660802993233e-12	1.572817728419803186783549458655834784198077751054978327398799592562783449505346809718133378538002353754613630586130145632418906343379206162359e-11
28	5.88588736916111165389237954489636508000118722367487242759422704469749215447061698230516909624383185813762968933567485469567736930451225198695e-12	-5.88796190174878976826963618916704598803655212798895082680989366397817368244344541833240068797820660896998163916364747218592742341653532639742e-12
29	-4.35315502081782252672340019309756496219704769516196041524071231957284150438961335056388594275933998360907341297453206950840771338954268339775e-12	7.4589571654623956509314386461162985275404189951419042826140445095230128301117889303751378758872581046571756091817154020920971542866556363182e-13
30	2.15746312041504659755547400046787818330701409082623632384267976673344250262951258232266590420260757530875625785080811432032579378899988923292e-12	9.9768129036373167242957670060282842227267228820236827995088229647013643943586917894382667351669348176360946662440829167689394519116845470017e-13
31	-6.6831720488277057092549691026959510912701628886319633881449558012792032344811837185340545109737871936293438379498975510966560599515127824381e-13	-1.09437037024174714355406869440190927524770659595845586081466129729825633721003539437848265484816412149797915969668542715583004078315553829672e-12
32	-2.928730272588258859353177537648498641817211661120989373680604252860326843111733060569254734207886029232481350534712077288653135514925275138e-14	6.8989299108705877478058635744238739496869234109961196748062757315829703232220529077971281995402882644348860326996533480271185158790318477424e-13
33	2.2641238904179138365254108089130493807162548317188255816034992082566575436075018208603350434535046345964317520965088860822217954354699630085e-13	-3.0219758072816462877655265770646281466636187531112484437449637221682903877063325472230642488203066066606814721831961732448061485055694376666e-13
34	-2.0073944928234173374421540201778078925415487065983503681897341167405334744692363660694150016773953203576642190489506466438158852853116480431e-13	7.052627986810651249906852921430216759055402069036532961611061025345508707931789784492592695981537404909027208044825813658854581978160827601e-14
35	1.179104701780175100261057342097400543331094867708880414130263197555649239706247474601722606454639547163984923278058177808483455985412970884e-13	2.61442374404536301784786246168969958075813953137956383913634270195560833969936664030835104330860607431938524989167923054345585119311488918e-14
36	-4.833649290297601181369960865554605226458343604339649468187764715417046218348424748538324598009473027714032772861059314639073287224506767245e-14	-4.593713984259818112533447637541036999299323980084927866430560311937403472284007795425617629304713981952043983425211299542578727557878170295e-14
37	8.34893217720260474712941399789658379029028580601189309453400465097485789794754660331478742664459737658247445060496004902761534272085597923e-15	3.520393320510968166484813183201751271400801301558952758437290675195641606060613452017996461402552387820228368578073185711053182324593679732e-14
38	7.77694500778451967085756709282475404338819940555520671910688675199996477016628814734947956118416454172537904546323826622546630037940357684e-15	-1.91863493686532313051920943444144922349269822377532533996644592772053970929050758103574238996572868615357600034662831849174439652366486309e-14
39	-1.038551571347176120023716555743897292769155944153377112177154915318131611597134365223304710173441742023523943977951053077898863874092976532e-14	7.38988114794667264889891536218198808079895272947382964977233848203315880220807450175059475405466287249392563847961842989489481578650546068e-15
40	7.58218922670106123872316083202716635484824466852222899329277013842830649423994020021615464486717263324369411084789518472794694841415358883e-15	-1.10945885884912837483661920792738624860577882930480686631338307746924507239385024643866803600670827302699019037387947437724437695057191721e-15
41	-3.92926192140708688281893194947527027204808431235093347188653898649934374675203827807620232721571940301068556558542436956452006803459529277e-15	-1.27313881291169214890931491168569953815517859100233139752610493133008579948404356260023719737834374077877675121020810293172510482212874448e-15
42	1.26151947755306171029543530684274711164379733742069038127390426406899362713859706322652940858245993298982986333528724079596057427708266358e-15	1.63963217218930591184381775228606533447789925177758156261271363546285273100127541444305436087689753994751731031251253126827320940997975951e-15
43	1.2588463178977367015111586381030536794649245305137833369097636892818724238706261568161240248176438370561818933352422266565044072485544226e-16	-1.25922224666043532881071551944827345833343790813497992640320472174155045705446777512411134482510165834434466545304223408481854056439910617e-15
44	-5.6879927142819689489998611884715380493503807152278071032670093579762468229579329476642547377450373124903221236777376665050672526104397635e-16	7.6255374507426174618693126197692099698966973766268842692282555702794735741891984211666685347522412460971625944414338055093644487139371419e-16
45	5.1411077021272604433495588633916309186934491246041705576470390238145668660255118350915991366248523289928193661195593316202905196411895877e-16	-3.7295746959192533294263847733482077135433985725960288225743316543760581506306472492164782853986276838778719654574427400289295694572943653e-16
46	-2.9884721933644339644208716101649409374436599869271599249582911340553297325393211707694291112692949506922849913673182741255711070971129494e-16	1.2314862407014634627289813287449385891456531949706159649318857247714033594547386476411381573002395987048056155717479877204322185160459944e-16
47	1.0498339990429078746408234294319454425013920565347240372194119333705649194001849722425637883572131822772909936111811928346891514774557005e-16	1.589708426606249160720615615105043104286753796621004540930148077879373473918308267885262061797084578934224086544330233003223763783013159e-17
48	7.72634797717833513732542179876663446853901360799818213786184265504868468268446590440538232599448836035088268138951006036786911590923368e-18	-8.115577874129379943521418592759433676097493760157125131150626561374588526347636247900459730280884362498506981405480806249211891062080376e-17
49	-4.920533840769392768995132541451676995558619684882880445572904388325199571456524041254068627257321739196945831503596718804570272970747551e-17	1.0315348148564642470396694082499219545941548050272952394627714616537364413861652252080409042706745483831634758049094942409550457994374499e-16
50	2.776774530742682292980957954350625223645519622426227857952762634515619842375673109466519652826380954563683085238256361412239544780512396e-17	-5.278057525752030530575221701012678807768509354844841618264362134938366860126340957805464011147699089245575310722231000461725735548362909e-17
