s	-0.5478297504897749714621032783672988221841775648966049530087088664942118899175603538714421144523929002220512974984960189963456291688951434724543232762028626	0.693421993695985889378204516956034569133229868515088967834162328456484547800054519247504263284577140108156595135267771240652321806050295394964110317288994
N	50

#1:i	 #2:Real(Cheb_phi_QNM)	 #3:Imag(Cheb_phi_QNM)
0	0.02887174778510704743244420233516326591674895941489733823583726285537297481295690799107565521137132860946756035836951646485223049055760654489318226349091	-2.77658232000348338181789501885249882428935971161668784663035155097079394590822593350262153018617977226585282114804189599311068849778018177116663156377472
1	-0.22937588378967595163653812159812775671824549108409997399578024184391264626183291784057998427926811070752250610363941729695486600942689129892595815341033	1.2272300390944307748308290579140439213061934134838247934236089567848814525376452862175274907344831777442926799205166644785407861161585858411390036095794
2	0.23824838709782262058369041380242756596725084475973446419520653614764523750771682798239017886430137403423401739400765170420948742853573108144329468459764	-0.41331590968065808516341345377761394035374706086591885369261977972454953634089194588672908364460470263975769230154810954961550522466750227223048634520415
3	-0.10948981614165850124597311952298918439691845651338401082933762485378855613530923392376245962973421196705112052700757356297878739456870452212475624027729	0.13213305871830255699167803071523503258800412631914233571137838437395238274572826132902083739444777356239249668040402496206740683980092545631669530016831
4	0.04184890393949862246624906062706593065148175913817324876865818298088361589991430501956009575206305550902559345874467502744341069852056690827158073595651	-0.03663493127640628896073110759754096931541990589950615121085342666229532379072438545144297830848318218834637045140805851596956535926297707606107527868596
5	-0.01299503736517778237279122770227452401904715025941907009828450767931085779064949652182112094696578182794316972889185883217124413735475325292017152477902	0.01048698385593102743420249767019828983669021974355489513694301118158900304522984781370360746550013039213730805155496755753534480676589371898671790935533
6	0.00363367133286099920210787312774791413373993612635810063289811725651815062696544845980039806630982911248850172582652958284489026005247707477979078488602	-0.0031607302196898582877311167637827435559918304961594915175019425726190563381491513349797406724302873543487609428890757018182142084050116182228833820374
7	-0.000889863788059486860792944980753017660132792455594338419698083465163671901483644760863125257901490971734600522798061678393590810041754238415305780965	0.00100201267093793615574589660639741087233428283478520275834190682594139466699659710549373610941429352873525864123422687384620375032394329224753695233811
8	0.00017788893627630833163124072609348423452994215404742685846799303555214837450358171823606740574805111136230344144490115080636233831014992702472104447063	-0.00032447844759542879847720964925958460865782940075358903189467349082363424220717322624765059818136417166147135149616388519641315120715015049144183348208
9	-0.00001827503583662416778713733104442031713458039849835540103792659509545681997645546095820515286086159223801334028618556527850473377790774628722877192177	0.0001014814754377295818249076462256237649153426005776349653977170127000313694180156506466607440668315525371673266893431890722888348104239830644816976827
10	-7.07987844580124138895267090066306472659528778198458400665038299944881685142250106212760294018224267087328507439361401487088530213006655824765513282e-6	-0.00002895460230086996566150925910712284471680390187520855322265083893520403553751189292913414785936804912420231058343520933527109053282167915909531018236
11	6.14818091131078631293092498247975891336146599550519221614394200296397713583924680378010978518605916867898947036816932806704243774582583165209873718e-6	6.78293617276175681115932138932825915265728799480082325454017348136248708859167600158528284685132795422078737073823843384375626813482974640056112701e-6
12	-2.90902561995038624624079669355494123116363209420474386918225642397168763352818393939589612592614613869124096556751946504795944805446808577685703844e-6	-8.5511091444712590150790708291959214772595818934033701320175695543154424892991732179557900048530089325025956141785899197412301984912888035581873481e-7
13	1.03785515696472033815121734889114117404931692359254975085912774011060809639460003817633839853426104554431418851435607526901006644250781598212367024e-6	-3.0655502123742366283463454685621808534514507584140161515880793869642260404852100455944564884059866685531137927304221253823143523017976966196293256e-7
14	-2.6675358548050118307641014950975892936300815855540140975913315071239985632332939241090687375006229120023761119560515297131067455759898215963051417e-7	3.1360655480835091029918649353826031436665886636652096891183153187416882521773286858498187485802417189509302426311254738967662442205208664223796285e-7
15	2.132096639754231679720059902815356780146997826822982108121973081585671506530558520137268421504987967932743610382886056378668243198447635082292909e-8	-1.6346958749360847658310843726734303457299343033316954666260510578486721853150470704728067105814836000724323394951501015269195933650005808188407282e-7
16	2.919780052243257804262002594375367662084082795168422696393055653841518999907948176478463396848095170541673258614053195996436366635850364798928539e-8	6.226350679971286054114926553966113828572308579870623577295398687165360752814650958694992091904346371745008643670705729036441663846441292071564022e-8
17	-2.494939333540148262242265154468444266308569092397709297278876061962774477652539972538771404041311991141180560305742388512359133369263384357385782e-8	-1.605919277502342558589201499128892178318795973238899616314914353896905384501522770945952701687106025177898352888836266018371273805762824853726641e-8
18	1.317033789648592694081695354257661480676710517789928514190140122911296427394662102493796929370116486764770967606471891705365256699898791144367675e-8	2.5415638111905491027509639055116189762257116618889666622248161229261632689836645818144496887705736236604229812100453525483246976894838605433106e-10
19	-5.18514189580794557860775818876129702199045473363320305295088721171496890046645586742083898865604256604828405179337940630904015041384812196094305e-9	3.00900321829786465859141399506384275177320445453107541356815682132004866737350147806057825061411184541942351710056487957372859645512801010933625e-9
20	1.35414035373855610648361051634084168017429105237054934542798311051622489993911136890314671839863914643362962493607693059584119782717829635697579e-9	-2.43781800816918554622487455081760568458166563525223277131930598601810539773905359053722855468668953170843859091552959284048521866744263270440442e-9
21	3.185844210444633616649202381822405436737753522658444980066725979744723600598999380847895615203213959986667641562742409926934295607937291600423e-11	1.32243331696295663165476562544929597141561652345311838795300263345754967010449247389414827340578689043993059985701597992588245331458580029077945e-9
22	-3.331224628503869963276393227699824486620872390570078970801055931802768732001553546955571625962964499390016092297772363673884749233351130630167e-10	-5.4492745793385750617897786485882809531124608455360420989437280023672680990950953350766627870958591779784292504134029961779755569427400692543928e-10
23	2.7445207995239181102789225601786851140314552035353550792636652140727412074667309350854193636542060973290037833127034013757784466857876986693437e-10	1.5126716602989271660991118800904774721875442173265975035017862898611949383889176706799781113691998563943148716185367610652867432104753116274469e-10
24	-1.560366174223845623706213761354531383965809262224011155563591990363440335744016295677213169907784795856066236613835618257581588582803091992435e-10	1.34942350237436097752025782610372133557864939354871725648758849760685533238500614347084443979185438435373166323786911598286558512741372928057e-12
25	6.8527429658346878353937717583720738799121665232722077559691167237057209904178759704337127553979522982143812964151057909174736534994745775568268e-11	-3.8817076849949474045603043755600267470766920386974220377858454448739732377360883065562341612680866479776394008819456727238227168813951212656616e-11
26	-2.117842504968761376783378141175785674258344392496786835793389189555846987666746478987157636457286272117903338198761487085840097297654562384333e-11	3.423454370121885517053207286294403852259447474676730123395251943024566202302371099276849519637050938108992048274369571767837044725417564625905e-11
27	1.20295606672984015026293461302647780392511821958086821055558576456573643485296153008165225647562301336502254350299944884011317358148820700059e-12	-2.078803816250810414556243267699553588892490238954054772776383457446659977158394619543547934420976914629961621845018037226406855638730267671499e-11
28	4.57079271190181298264127153819090863505049067064433881075930509715201241186614485991342458918249900619149063462190829248828929760088127982233e-12	9.88491055697122333113719700930330232262234878464637197456763309268500830634501185787973609600928791795011144852352541564025171579374380314105e-12
29	-4.57326252874156867485966862379712369893510693357438278785996795843063568685853308685136116287291100410214010159423325297069718039745131038003e-12	-3.48976427891823133621244748709885749412696525539164321979919370805847041761606349574783676541445097910072212794747792926674581528601741377655e-12
30	3.0223081027960619910969556528004249438568557435372201339520349498644227895880340454733317198252718377459340386562556794325010645041485099522e-12	5.1947272018530066002063242063234563756600300878006185392058214749185186955983646026687299417680078850576852255569432464860289466969077582481e-13
31	-1.57261045970575970935940660375527795802388881206047967606132998073100135545590548368323082853282085567833228460863957634365318604963314939892e-12	4.9999284177107670195138749609120761008517722273751900010920614650773738673002655395879127215661202980959281012540271983623619720947675282061e-13
32	6.3659853382355264399053643634092312868997083444907167723758887722514546506766332981321269903596463430727580679678657669559574445013771728788e-13	-6.3181435101819185809170387097444647480461272826210521885742192228436166910000691047534021578012828924394669501943321531433819949104649721278e-13
33	-1.5538938529154170741956483039959062658146499346972586877191555137030883963958778066393920974950883509596601085484825224166821748329075904702e-13	4.6667080784704111979903371092192394069825532598539567686706463808296081001347807196386545782439699826186440951689139019497876435961238609879e-13
34	-3.792027065036625835115269043745567744922073976227288102138201513782439582291245327949845324876664986638969657588445441512776260459041480723e-14	-2.6857193102713552001372508007469849801870091078719076687554674619275437283117308536306620640734996635451693055667939137298223807665639965432e-13
35	8.473754468284665672213584396589414836797081950499251559872962590080891566940800387231061326260493622155494926206562682926737172348647724368e-14	1.2387281758452656352462375463132734002949023608751779833962206230533729102105344141849229840138473494267199245507542216590551061184201189555e-13
36	-7.307378109810641516709274661153759641699866349035059498614063056832934149218383441584224999784016705613110815776028600057056648839235434601e-14	-4.073212872964343839689406777869547847104040084224408591475016881138454607867275707076138871672703906251190377627023005780653513822288946825e-14
37	4.730808579736511253217395409040408809709299127185839797400610046380040631815874694103273399637573947505277018782980436449692527732318752639e-14	2.21358987315860340397627500994893273114525294983783303660787286612334286239492149388873306826026968745613483876056099471240138609377826489e-15
38	-2.505625899419101867528161042082776069146779878335977345410742892940607649139475409834330072434922036838144226920901432573943481167319335665e-14	1.064315193761107141442533828720804565289821915037927610407447632688804749502784486687116409661365098996293213457575783044579066997406223774e-14
39	1.05507219612721784513131927163625414384619846650564264084532235045574443766472714636359222130698509558062735790886781569401165313170553568e-14	-1.152860000995317249810520916282281973105262274077363685221466547512198875722460720528773201373618249448101427924909178467142495747615128213e-14
40	-2.74512277629162448582203075211649935134205224079550190921778849787691962076814684411878545986330771370559838608763354837058425328082785684e-15	8.34875517528060688048947438597789066548920386561931871299689160461684615294309383048992196317501769276672150453735828820059648640091609809e-15
41	-6.6540786997763296759095102100670125412153386536001754696789449345554555156478847521490153993450401321946400618384000055327638216752589971e-16	-4.83129139376459453711614492881543965231726212846694661978731742513349588720920136915586691522429086853676737401691332940583160717650881605e-15
42	1.67213360769521675622566072127648815844768136997336354811948039289254345856917930794463503282526056861036670823087873676211067539899722082e-15	2.27022871541040706696907147549663211921106835546381201596184228674845565663421415802630508171051676510912677579572996780146843914390048583e-15
43	-1.58519817668378702777610181324485439757181425190282013787940805317758798801089356276382167177869956660154907775368336616143978551048810444e-15	-7.928803734144842204663361180131920802488741301388447806555860209576274792718134248035713152758918622572561870957036034295660739994240925e-16
44	1.13122288140862943620717757201935933997277529503422442077205032109838001993588221036182175172150081435279288074450764666594364525113114905e-15	1.0855852296214147544602980446735134487252425971037284067587111599897846471584948257264685244517201830253237465568337555622032684219753573e-16
45	-6.5491945287457123299532995212411975369118196730195876242680128907373765891401481243626749780282153554371075706805486219004268904960957477e-16	1.2321987231966839934995669766414669773601896649916840234147380472831162563978881473034989327133087442488961518867913396550156948128236727e-16
46	2.8784316645562909747219915759013057113887982932913199521528742027764424476800822806478456321784342430645976586475963137254576425308973406e-16	-1.5444326280518232395889920600755567224748884855792327454104477067553942414087996165509460448877988675061103219929117095313057310711425199e-16
47	-5.628927585067122546630106615917149866862097551008548257598823405807431636458332353372629359267125591212273610407114978912141168636247516e-17	1.2768771661347956933078041051807780449766720022536904177969271765211187155021358475577088333469413406918257374846381597823274462969997142e-16
48	-6.058518957692277163511851788636785687331015616666452971519184316694497505366833751022029086446013976345450823932408971584964710304242177e-17	-1.029682027930629144923479112413129872956650409533524473493471420705087028026761228971868793879093536327725856065714061304151230978057089e-16
49	1.0121489403747890707966204918244679298835632771898524459161480525467156040823447232186611264495185839222072089340041216765754331529974295e-16	9.294681958255466569183045859568101170484950765968805333155224009110334270278698047335267440377342958909545627823223665180388030135278292e-17
50	-5.3326448310070021342419601170031666208978407402299692867997822839324554125846924935677299481918987493262188688216506624305301452484303575e-17	-4.5162604655433842184659554054818769188568036823626828336642776269856410807456333124641828532452658340397400724136527816114233912781108989e-17
