s	-1.410234413086020852075510840145100919056412593556392481586421878413339704188628946479452565768331083774744740501102056567026932751477046703462441445254299	-0.5030057896447820988751350083889325774395100284735141761489291756800384126905835645822628715513922643351014310046157375395188062921849455350531560882552057
N	50

#1:i	 #2:Real(Cheb_phi_QNM)	 #3:Imag(Cheb_phi_QNM)
0	4.96408054995080473071125037530299405038060810124791703273819556994874567468473709994305202180630906698078275536822938497399277600881390062183980802516445	10.77866995754270690957234741692560635075471134350887721516090512436138196005844325233127138822671118249711904378432118244246004874697598178976355983426462
1	-2.44768065265644797339335025172094514693160811177622890805880482953765670885420355993732766781937672186872612829880436185007681697062526287555415531752074	-6.83201933881345395492334974599953883885119672849596697282508735972618810447606936223104534600449715216034139087585893760579659828543121513218303805984852
2	1.00931138140876960845177276090515515862201820906699928151031487608419242637532954411521354355572283365071570135095400029538201676313905150820104072686554	3.22798918499330294980188362840391385088172088806915491854535436501906711048375153446495757475095738120562785418980624193455279994703005363798105258001573
3	-0.38711316963571559825951339859345031862573896267892019791440459484953330586758291174134601240846416302478454120741219133600791665762017528486899351418521	-1.32466977817175904203545211618833359134755316938551209355592234976660391332094807277732835058911634698828080339859298833511641716374648615175207653383413
4	0.12867761342474046961932727307787039543995749989853393661442867065877407681308600178222083447545062990317002757085467419202122548673309310624444353420968	0.47343730411370272625087728785798712946951131912929873497339348091665963398307654084909756281521438229286011112017381186310310009734466047932755522898131
5	-0.0383237836918763080067601899878466698203942789155479387463878978098508140408328447545688894814018029279702514924411109578148391631582969804484703617271	-0.15382035745818062272571951670095094747898287929772194757327218369698173603314516178688928845927210535502905405211597172022230515051932634060681677781672
6	0.0097069188457245553988009379958387132499204983792211285539545191776199833750413047667811522147753062520609634947193410915028128529564776782601501905855	0.04606783806571117893829952961369928366811483923429846370925361616033834304685510514819804908112158828087928533382757513632773973294374255762829197858364
7	-0.00187148611986489732886735707772685295018363894889341767488264513921351718842688602500174714368334676054335539747157803769119163928582098125634929340834	-0.01276476184080366678190895414389290364993308896714107926993697736056547022976147246298111501440645783180088025444145775249968268273097320729981152656361
8	0.0001634578005752997811887851730332278151954750445082656638902909368381133817194880440389884596235783267086294553433894493137969496163330980278996562097	0.00327231947325411923277319120951334192932522176163385339769468850165136807960690046533156463624502951054132658908803647312878518117207604832351414253367
9	0.00006748273240568458580448955282982399005835416549957080234008022603966089184767806098645602552272211602035639798078669355167421352394319490591700375757	-0.00076616798025755991217253487813483407910574976033086730704197997800643139970305422019406969231684810717039755407513378283961073704565054662033074980211
10	-0.00004490225520329860319207547254375720750075791610183029838642927351090752224171680033056058502981801918496835814449099733294674249182541964801499963425	0.00015963241910234744264211964561913958612621984196836713156280543878452389407202782852635397451107202850427613403239773573093658382708740886832892683875
11	0.00001593517851913828539780541442381931440462151405950285383118944373756903446825308844406664033314864234345779357916762125115518301737277116411963887206	-0.00002812928818015114088989836410048783927246759427833232678796621831919925301645401543008803867715853301517689976122627159760329690294084094521138390331
12	-3.98494111821480584458166765745020973045297440526788990481927239663990681013011710647800338976233942699779394431453749779529619070991381757929242447e-6	3.77158446353870205728713808097940561861025005863021470832952803451252141715222755494376587520785403797865981592431061758508635025048808063982966365e-6
13	6.5753547553389162794909540210426696410154034627511590373118703217842333138622787601631421861607840556342004509076538277799021636351398622008816089e-7	-3.0223798419400992762284719542967258873823055353900338525428039058189224882708215437240165291144019462992568817361642903767690842408842990078503751e-7
14	-3.483020715763638025391059563498727789989110964564262534131487734905338889778472875076585365306154375620097003046302461825242181031275338999538703e-8	2.530691726955243263441462839968631854491231449538360591685179884456935914027285952743774400524753214070529146229595235601156864188778785743706164e-8
15	-9.95922653766487039409963514412666767257296923458474766725789231063753518580342047341153993780788904329445895662205786493560502842725719281376683e-9	-2.710722240384840922020147733401299782175341918034968672346614930492648215219470059306892005840539521626296486930939824013152081367975964513612001e-8
16	-3.97868515177456098231771325575332567694746520408231439651221822969593497162024884177290629630575296251176141303172560229244834699003476894486716e-9	1.527198406046242474507131858724847379291075122857921781104756674994241350139188769487608090607286171239060213951865835320025358597507338815933239e-8
17	6.01085813636839901907964936634272862241862351713682884128409064200108243337086427455271812804576455401832248531344184476105983366327229020844106e-9	-3.33975150607427961995835151636760900551488438484202699803735368333986436881687205932825427822524982440242811363317953897179830470677288273645532e-9
18	-2.77167404305667304303282558310375384885784980950790255383351588922200554447148372981540774657798247718069880672808935092265714483005979789145125e-9	-1.04372095042744550225106575871106824896555102501788089505516666352261811179791279953258307942994218834082095911996024507272034143992380664760853e-9
19	4.3349335663777228314772426282697511430674603095100676764566500822087065151319894956710717456851927926219691350063039102161915225826802228723219e-10	1.23507832242341768762190114062532189289436969269001157883427194943767707171048668040332109207099531254922272533537009896907225494677691303237543e-9
20	2.9763401379899376964382544314461138360497178040610949605269871170912016930555681636224585268912368215441924790762663467620555398341633247840321e-10	-5.1745942964563924362844526027221984119288820150041155726121214115977308282193448333911565825869438190103990311375572041307758162465330428176938e-10
21	-2.720977621566772051400537139434896682772100456666588027987009677596154258706639643287781109395503120940788264301112362094625623969755275055105e-10	5.949049593491207264164576968045590810794351042058292022371984765846633397215715413131599605754085832472325841097187950795581463720613322582569e-11
22	1.0813882805920043513900437294714891074934267749303970799723484656233743381638727174291409803790681895216825827871868649569541679389744953829636e-10	7.413109941374523484879420855604560084399930869973646542296182321166044888622271323402110123927339803319206689230314536369913529869172657581708e-11
23	-9.88310148953356359288811215969968414154556755894482673111336805774610861200405661624372169713214488924326686830952910993056116081994589551037e-12	-6.209990780146999395609609983162459498403739802066754523032729358319408947808480499938492906143928830139623138858439246499469922908233789155988e-11
24	-1.840122939517391977218719909033855968559856885787407903835640261701560842736851217843220098549598642297031749446013301577813090267093770774858e-11	2.49870608869296450188399752522413924943762374141282930286973693241289827790565386956815097012120447919073967335023795267843694621723115306684e-11
25	1.516893211957468796801526046191683350387978843495830215849316827362276319191244187955714559886371820443915914380762956736547808689317174413882e-11	-2.6241122290446878259064474117066257863694687756206966129164221958282680734691700574884957922579994228434447660453246211809647395392490330544e-12
26	-6.3028227176871201058317314189691828735721369992900230745896458453168402603517858985552460308942063506928058909615240874255283762256366223372e-12	-4.26326005866278640261815281216370485047300819304415568200916998653255197998810129470998215430707021034991098139286018201522797856869354687514e-12
27	7.7848307265112673202565838483295509063367570951528751931497140846903664701825334372757469875298834520927794092637838510029613549377421654285e-13	3.80084637147341505744330677861908648083872981916959105502718785195642585638044536540531641423484914829310959685164380433796333647446609885035e-12
28	1.04563595240585698057909024839524394536762848221367669839323254353453648173594197250533142675295820362577076251028684477726892953104349866037e-12	-1.75602116680741329547923175791610989185311152854639493032062549804971225369215135313545964639456948588041803325310259580424299290278058520844e-12
29	-9.9978017373417107568042888846527239948118806615051695913026762535991896288476955076613073615337654529160412946477651589226314353332165239334e-13	3.3994100212693867137979334690941292544211828022985619191752649196215389667394661503380977368383978227643501707885242471997422865200595385612e-13
30	4.9228122876784680932874079287104198496456379223579589249372811176634727732951801004571890363415465891583391617515762408375487536994980892976e-13	2.1189636904364162918217536594430659678593764836495866327142732601919504958484824006967838824457377017478303655160943332540757333616660225672e-13
31	-1.1354767723327809465868604479744875297481519271127988962686787062513864405098126583505987600340285092640579699463351582463265620814217164745e-13	-2.6479061584561705527576375248993633898495613572329596424104117143066809817139907256632364109614864979425018375527637894272341224970684136551e-13
32	-4.614926013057486605872402012936388760360544968407144190087786159671807701949982519611613219233554950109417348793336054056762238545178275658e-14	1.5561556371186724552302750066080982604746258264307149513912854808261843401843699245798390856513606038805606683810087915745239219316232639282e-13
33	6.929261666452024010417050651444145789685361202460169560376666160698757198525139650332967726233919955407450276293599995044560013909853436699e-14	-5.187567245761175786622711202799105615358089488311438609629986032900218146779240431515368598170642330591235819979340749174380777069261936917e-14
34	-4.358982668187536565609880465645477517413008161430535686424316434981070193984393992816000593798806897441774295128659490950182717003758958805e-14	-2.7004757770283667189363196876290447004112396170411682787107292868486176989876246507103732011633106438689064912250046619734243136904986231e-15
35	1.616559537554306150833431636149371224095458368515943750261075279072115562543417683586117724822179966434007520844924022731215608354552435316e-14	1.817036288462704610243066194039508583524953361203431911521322523511314528993527910781546473622884089955502683871742603892797023614223710909e-14
36	-8.8828121811723863343458065322374771262727372345320394489454192169609282434642164532550000174722919931446076357765581182629997992837923254e-16	-1.498166540010057964073282377091914895493829301517867974261255431505791743209031249485093337932360229943519219334419376983163587103640833428e-14
37	-3.96908036581901587566216613071831707708832459654000979435559571363521374139511717809060869972577643624966974317157382053376105272983785189e-15	7.4351972205555478403270208715643924369575133209048882655362000267194159048081375256423391561421163644956445607202300285527976346363077088e-15
38	3.6523988752743987012118948824468363461345525011008419945507676267613349241616954530594986850165613271138521279879836149178639169593747776e-15	-1.77497718886964193475319772844979410175351606100480663357792288065276708175550151842326552621969878812762358079814931148077426813281260345e-15
39	-1.98562936560159294332475150001296173002066273486954501521506421063496936566050309149915239995652181378811548036347536328149603237132906966e-15	-8.5986736857453258955703720274213794752062493887697128876511167290773219757542401516911861222936506744080310854222999168161273908751716249e-16
40	6.5730125801901376895896340589426103931774515873776131571509672725339799095610329395076463960520074982163593544256533749841350825484607867e-16	1.38449478393142856155344396672771914405035708312861770681808537350662134190191738182335403864846163965951256088294108542995436242306821403e-15
41	4.02988654292285290918468776724060748007441580324048425779741593896668516032200749401587996615155215738091295973488173227643636311999667e-18	-9.8025166182344988121284419593203940649247765502989452984810524853612141984564282397791556542552579951433084002574232132455092314801527558e-16
42	-1.9716691301453732888992636898495550156760428029083658524730858072030912281188642273962580099802403223758362907633483692003035969942002161e-16	4.2670447502241196582752077123207714626619343353831484748367081922656046066433481317648791171235234313278722753841068714708758967499900807e-16
43	1.789437114172725854056588549864849899729928855049182748143447185953475015672099504183189614149917787699617053806048839283665289604127509e-16	-5.122319281333856506833792723314168595654319236026695204781381049207450960061105813280693553114832180135684587486811755918784015500463127e-17
44	-1.0882919810450170000953439527767820285276524614250175077867063002298437461294837587730926593814043708229771130666230741085165262937041245e-16	-1.0530808154393936938263577609857150591861762696049829741946823030960624758809649361028530639818945850795585610059803635103465930964098817e-16
45	5.057755093650949974106130604885546602488135163262975215149457652656613822962004818862659266526224952699443600818894020521731783820695438e-17	1.1796454021088458428392413967825482269935162472912979696730746483236584536702101918127832229412039752473853218728339212732466389917536918e-16
46	-1.575970131676503334361450036622678979076604438155446611860079571461907052141765672457317433319869719336681625644224541275689462619527624e-17	-7.264894812741048185025925960690899817000707496254856053336166373140557854134593962031146240166400897047783225490934296742210496600157095e-17
47	-1.61455155850469534203837446136413156526293346905484673447163664120883661558688969362362942811659629612591505361563572028273731676458985e-18	2.456530929937226292212997538125586162818863082724892003716691067825328807861503251756214046991887917083886794126847454976172759868502637e-17
48	9.00921939927720891592716336959428858334743435732558956352204614577966967817000797095976103830366513399580633434326969674176379414612084e-18	4.87716905257245443358911209694739963721354179726080749130479465265228655729962037112840654454081133395545428847072440025938205297973624e-18
49	-1.134662708745053658964942709578116488490742373266282477570545469165513033291161270705338826323060387471137906580927598898471986497099015e-17	-1.595390925514420513286167180265065229588328471510888766910782692702948038576463527790184946910152885776360263448081789210234553276691907e-17
50	5.79012112254287602053900101929511647625818545232474150245949731774600093989007499073047068584728886627649832816686732117575507552471845e-18	8.82208595938569191708921528520228011446300639863702493916593162341970550577010268422788155759655668163453770690924190060043574139012343e-18
