s	-0.58801233459500310947949600201737942196639978059092993013238364113041542636467947319277097931297444597319650276133979376995835121301788549956921365380597520	1.40296064781598375056510712652031271921980638763463817629966138455112259330518937584554890002032444911846359493420151979202226430537330169611322933242695563
N	75

#1:i	 #2:Real(Cheb_phi_QNM)	 #3:Imag(Cheb_phi_QNM)
0	-0.019619623015413422696269129062937195405263535045671538481901219412487496213451695674367616064865358294924291941732073378824337692642933000954580166620642437	-0.018080969190907157117208414117974409121856463043346450607023732950781907337020668316103328083242364767038027764915526845337303531181701344324750555676245356
1	0.001517083301586961358582875059410712211778103516551833378166322026823748157223686305684282184029400235907825454134022188599646677568789623707884645704194569	0.000311237698633655219539584931955225501838527515096055297726204789965335762070056041639387673126668482372766910983691788066522371633958200475980653355707247
2	-0.000321499912589976735687376228312648921551631525938805800086356877397169595238712072563107996992904888961000851032236800653666143094618540088143502772063048	-0.000063805973507972375150936957265751253543459418291433996473117804571953775019427247505008797210268600453361634573705029964706237301959526855725757884479547
3	0.000073167028027816254117648664005614274174710503533057074922788206244575106006747027291413032959287280798133441474479123327684582894356578900021151885279853	0.000017062003043145977639451081976749214048281669747952650674712548410513997224308161694572311467822697763504248409598009006819230352752824301627300071636484
4	-0.000010164011296751491060264382645162708628725779559371019744744739790680457383781727124957481654194438129928586550085866034309334243248108435381725671850877	-1.831905348650946312174347719895949834239596657640117504260527555880800063222579907877434908557892182474057627146150136993392588581861287576698544766931e-6
5	1.659003244043374791111424467674811816830653069073430003724681137854924670520439196862069375046006441382738735930635560861944499686740949310100076681898e-6	6.83671225152421486083653334083535210935011634226915684171782587360375393162446627347362119031902113354392068569782671656113641071328623803722608138656e-7
6	-1.34334782217882391163250998863974631794646236531793219082509015155960706896236493705113726394927665655609192424209386982103100232256826909156326935534e-7	-4.2755040474025090244103556586897905988462861394672333954062902774794704198791955884773514180553296827606069109961601108338134077942069664319298797276e-8
7	1.23837758866364686992820690438541590903563901524899680018678613145572261648647142313839001188916313303433725657538580060474893791382521977897602078339e-7	7.821082281054220388744279581131647260864752366474755230011670007883949546617569137008069929389041770827550481045184203642420436260102470187839686716e-9
8	2.7583328658952554875040568235075222380001004261784920479392044227754836957212222272751085053385256203437903194969554600520573220406369029349055934196e-8	-1.3897456943550268078872223333225701492282451420126289708601485442421298141506849889073105625400046900196549467617871377209243159270770259522733330626e-8
9	7.77348374405771120404870155277837518377627508411619605980087523440920679127499992374714879753400585903148304992214746938301090163692082281916580295e-9	-6.098914744323216000075140752989726130428898897498979751366646311469324059154676189147987369324139224208663692609203955315145202151036171390264614964e-9
10	-2.448329979232002962839135862267394338706608750278990276944916733668722124016821322527575070521218112293029826527313831156896765543697144663835597857e-9	-2.800736246994662967137096946417467243037477966568272941994416886410480229377356332874220275109150637482350937015717093519922034675786438184920254376e-9
11	-2.419260773602215862603045130593561600677888828956169923365536528936317934808625387359511044562306457942289886633171108027488550127785917236256709481e-9	-1.02132028738650545284158351695193962608124145152773227579230040546419826774964897853829215072967206401477110662833458501683129978393392999226327845e-9
12	-1.145800244679061749847785182417716425433111456412609695066979963526373484877604988638246728006023971006533101051554281434160661952732207791350911118e-9	-2.10525544084611478359032055170664412010716489633887927501866030829585651780813779680138012341571259581789342777901126359423175012130298296829633627e-10
13	-3.03229962188975482355595610085702363458340039474922192482608588221516169563788560966162919032954362011620253561880417070254988624644809731774486331e-10	7.6750837485949447876740267137110359667781514811451027776611574812323268605781869508406829568541311019970773365918672580258340039786843472822986388e-11
14	1.7422690615958223962199236197589086291655868547991233787789242888147618036912274614324867609890580775778048410770059959263568051444980155126134176e-11	9.7879099884003631039744032045362380398658583452932985356020657520866651313639235771266212423093198907528879024625740787556911596167794814254936863e-11
15	7.4117708911769128038106935291898079831141911854048713877054537890633542585046902830368857193203020681175988586397479335308995120734596788812498821e-11	4.6866106131346442974318667421707490859124967928464097880936684132099647750761954640168529738045635714976123842109159601609927137036305375115683481e-11
16	4.185257335049454023093346266567460549300962196825892549762915021300142644091429399111596270572387567986453388737752109997400132669231686701795052e-11	1.2441294518514262057038623531594029484628486253861710415636615896097335378046483899293579076093367472708503066093970034129542105403138568862889335e-11
17	9.803864378830824480407156087174325753305798228349143182179887441558651219441363296479832942981452913915674937410398999313570665237244528510761868e-12	1.12108745586904474416753271002644223700933328465763651859740768428627549795514156748009256983177773180328335891302280501979432390152227233453757e-13
18	-1.755968900183526365560283206794773096542297704028339220446113189046261346723460598945463616531770250783073489736138324038742215405614129068142247e-12	-2.53245447245583054738882122312026115700561303398747125001523336568281019297999606956678491608708363086943820626539358070357844500531543573533696e-12
19	-2.519045781331143688226703882690212783491926364758265868853895908255621548030661079595630329364913848707611707856170154019303297164131645223472731e-12	-1.928027086695284757697277845571512880406980710852684714069858566684634286442896754576177848309077161744769132437445199820081121804705663819903925e-12
20	-1.284320941650278836100235945886066873585243584287120120905849123266904698307863843541608417488550528751318372482776226141298835441387025709938376e-12	-6.93872146988156179021285420847489059748249535753954846778416183553250333968989772879041333855428124706251652569126013008800668714671420258509989e-13
21	-3.82135179668470321210567790002461653721967599580442238204115822804416444466778595274042190034769174572861532423377740689913159239687040706406713e-13	-1.5916081865172544206727184917282982546347726198918729355382630253027599366093943480815040717287502887214860784251191144563302937130766668616112e-14
22	4.7430979535408999481511935082729972683370787531267563965646654328629998490162199188655983615983065884181526242423898451707340996687998673439083e-14	1.1146727184136864432833366989462733556632541138955169763542747702005381250717695790725879703990011208531226877824064155192841177645287605049641e-13
23	1.1680921329708817314707776953754491246332328511260042685703170021042031869164524961905720901658828350320421332160388851154931862978467540729494e-13	6.997504182435744472773055755286077104509733457291673087142968916082826718316287861428524904827846575414442947575556236099164892750492335798694e-14
24	5.2890735798803565048740733763729905589305386333908904927514443315720163697286759242826918978939265186015991257250241635567964492402967168912166e-14	2.8273112094022992669187857210055481456104201405685281433215705204689859227420996471335558229988669430705776612321097307760399761515103990769349e-14
25	9.041689918511298464688514842838763292714103006281113317152803000277397912595752047631134429194749488371029928868053578858917737938770409002967e-15	3.585513836887806515388977634017706913193048914387034769948764725904141112168140175839347754607673514546550883543635445734202253211571223545104e-15
26	-2.53480042766614654433643258031824228250914966066595862605781350754049231251712729863569229312329268429796128251489334975067274287415197986253e-15	-4.897521244367630262949660692421899190643939142169984245047248598311585204929352910159134554100803877969565833209406882244786103734234858980077e-15
27	-3.953161001748832006009609410048380458590739508719627243129827245956041762373174145857676104529156558993494132839711968581687176631931477163936e-15	-3.444367260740625007839518171009733792256749176621781815168690854087369263034970255630156389481645652632423200911132745790731347408257457567338e-15
28	-2.343132151063017852725143135301860596140273525342835524781489740572095772583575617729716279748817005224639598201464309133741950770062577854705e-15	-1.011115599788983037906860608759315667620567538800793182918110187445063637983387103277539236691365263924965243842696858147275214337480847100854e-15
29	-4.00399363648746750594474218518982812095786286539416072491742001701077075169167802683877104665450423928288472410237093023637793456373220174746e-16	-1.09714306934128050218385239697212655405697840715903826503492786872640042555300209851158903404526628701560821297496799940021500014774858539661e-16
30	2.25053011485650814423533598998605445428968357854564429072040312573371221121914951368839694622685012737004287159106896052500765966831338287065e-16	1.54501139201906541643373370851430425627503286040405775909462937002433571538347732054869336724349384021342836040548699502094449026252778984148e-16
31	1.56613938267855044085925489716730040243606146046877416994424810982539237624328439091933973895100270906386385097197085539579166177508579845803e-16	1.62080732036364445313935511191149824149940553530355681741425257859845614849776413815154525307823582501483120626101392052892014485355198508813e-16
32	7.8677609892125694256264750423166808656142113012329088810918896142981420826534747236510555330467536085982567932311222407106229929334720434429e-17	5.298149914362492478339610680568749704263955836135137964291231693827426169489086641947966365814109357444562210624002172486000846831755514358e-17
33	2.3764743755902899187686596444864843627984328569353707050512950321829613228699449934715682033487299875953999608629814835004007825590809464598e-17	-2.782844384573825209759857263959316013020672973998582072466659609255409286158355631099409572147876923308433527190267775783783589703064260204e-18
34	-1.1008860246016408367969267270959472329021925837834271562561346025129861058434755263891396635628236810763484483318182829333483228249359031573e-17	-6.714437956338541661239953928923675352540221175894577265688730219938266987329935530417921135971773681621273092102967888580517491720116488867e-18
35	-9.253674652074809052968576393906343200922650194319687789689015428152219894312269678427800684480932605623978870525616747706037682577826754311e-18	-5.612134083870088009433755949890566292248179756919392311462765800134264368491348925887211529052230533800676797543354609144868331314833132326e-18
36	-2.020150861552189448739032842471293820380225389148457705543033880787160075934264379082850567969149634998781735743743262777859484050254332048e-18	-3.039240728883005603598967816106711575038930644391850495216391095931333991499483122056904297655803965007779150841510032540535768034839726888e-18
37	-7.9273691107916036044311071841198581302582582704091573702563882949604847651723832447410489295858334474880777875933535909854288020808982676e-19	1.28544955431012608898802666524673320691204720932299594029826306625383720081153170730566011966760422271750710631957202990224385782587492592e-19
38	1.55575181856695714773489886675541534362304103683608661528117416807070270473292996964148933660805904390701610795124481592600938730331260634e-19	5.34342120556450646383006998046742356038609104737320227587953243576233232711928692095154772354189269454945155522116329740462105570117951207e-19
39	5.52629916733253111862029859794787425821007739452204771191231514320855852339307557023950906436649203639923075225053975051007358737764821683e-19	1.55596616665901946830819945522503429690186324822564887632981450377705473601208640524599042450580567060018078838086794426958199648839040232e-19
40	1.08261029815699631621374940994818439074543609665120931924590226553704089237870530431012947079699211550203725424752740989423318898428981837e-19	1.20278305190473688756332395676810220399529732526796305131731306261239563437260525689405488664066100234389018233157875749810480411748519022e-19
41	-2.4006463749742491425675343424684219849939251996169031793290929055709269050061662224825632667317345502915783833166217567205861343564287587e-20	2.2957522732083749330257908067278526899077668109516990974698996036015112106487976994148255839008899499723537147942720601871816742775756102e-20
42	1.0747775711900970016838548046916402845638115688288025111842904697868153028157858166755147043533327872918783926182726886229235033355994217e-20	-3.7986718288500266140415976172946903549171949857599977962083158562126584109693383994607069484264903823060080744750050640420770984840268028e-20
43	-2.016274648869297111558466722470317438259396862821295060322973218252630894046277823568309806373633570312426786986500156065813360829974873e-20	-8.593360482665103160483271619410326950356118257181421392380467271459733928241298492629001370825390586415099208463068621995179881423816043e-21
44	-1.2049620928479016421088007574005443437084233225644110582991975576112584071555832281184660192301126494253653145071521086760957341863363487e-20	-6.39313526936680407374290960472664441924413724835541353906215650345705395883478590429101028682803619141250486203533397669450343575992081e-22
45	4.312447275113861637422289838077079850340006119278955660970841033820995434882975857036129863094915981304934106218572333578921058366648468e-21	-2.98417413754954334664846418078821011168827946635958220323216661195851684854945963858102846768709782415143201202172005301372570777243422e-21
46	4.1830991852266583164019665982213487772530978572570060253183736603048949401399448318694551386184837312107310518366943591914014736015165e-23	1.629187223909153497595470981767989784162963657141356827427276217776966699496819628904688297144890567122107857857623932290872372499795048e-21
47	-2.1240638765895571135200028017190947452140208168842265150196406029770129387104072460542776753259054095380001717942639073005349881893616e-22	1.057966914664106970895428077615365739739184557627423030600870860027285612326068205917124603178885202751903736301300701069740560739090016e-21
48	1.049247396896098114702404171102075502527080601508326822913998348793287194267514101048498770302711336838026540959508903563334475014287503e-21	-3.39717690999589747336328068341990343772669307881029027731131860565131640128233941967649818086017728380586236987286527024256849364968144e-22
49	-1.95697376321893567284210226892535816174795777067749847430115140407364144397573301973654622592576142549014430740078214659468109860533841e-22	1.46256873436593298382660429656381260550276693868221329044308528203202698382125766865995556859490431919805827207091579804398184507081885e-22
50	-1.66279581868725920898892736279375640341617032828756681347406409740369884964596397755333856613647048409666555272169892073040719526956523e-22	2.0350404817667664368648796902001907648634657500674918237046342490451833669031315401194213336703377272622144717270892831948861721829428e-23
51	1.07583782590792559631685905221596487360352046143456609747450931409331087754914191411092453673286351832958969034092654092895693567240255e-22	-1.12666759132746193512949140261166432222023619336653470292789150317319373457480723421462558896143886060551951460196756816528534080197803e-22
52	-5.9388556351774665752411772330200710011811020399555772276138312460060689995012721323194682769192683056320410436306101948153090048182664e-23	2.7495558989976658774517819106202831426007538229083449240937541067817620062545319516124327573826075863818365139528239824425709243611722e-23
53	-1.2466655718908411158458849206350670407062695554816482714266986241899467391717537760599416019215470818385602367689926533983762759614419e-23	6.11107687389980814244809128872739236621193746097431161844788611588704940763834246142265939085865565086321208699144863985915447195893e-24
54	2.5769506768159276482245016968833999763708626566252987188476627573873826725202705875321339744904896391924509216642217515193165604721053e-23	-1.2499382308421550613636259534222920302921590498802795298185239743529229163906507552867371285997175099357520861084042543650775068035299e-23
55	-9.995904526495103694328750308465844037091569543249098291721594467434701664480525064566345484346802274746901381898604864126699599544464e-24	8.883181405846460882977637419068997086085820948518511825213663185583256222306343527067474455965858422155163674716121259802688452269142e-24
56	3.43815944749945386926555950288222857259141723537988964520153076879150816075084600722170021829236940827591167184821820985329751942294e-25	-1.0008446478373144109068453392871209910484892495888314531015450601577884084507605649944329931670543325128840245285511385491832589966e-25
57	3.730600699682347107844908313035848647329061966393537350616213191526992100958347271584623970759974883055620866212784430963029872094278e-24	-2.278813750490836366980869302010889390567912802392988929876979836313126829035279697237413655182164792487421005032424136433122723886719e-24
58	-2.604422881497299038704696569273895551145130704511205605654346832206940099254029345184423816629896717011575857152456638114776427968393e-24	1.542427193358694321470649182045177561683724704899053062468350970889244488743192956018047602957761420399059680248402392438811754669716e-24
59	4.09134859573048455839313824929729759012669634304441335470205529443787174852249458064682165729598526624508833952038706379087603049005e-25	-4.36801346872987185416701221352226414342113223933448035421026470060898828778582876434685451922323409287516129126721186693343958136804e-25
60	4.82749757784273471852671960756384102811536300762400476101011174827899969476494455880572774451066298152401980993082706302851571008784e-25	-2.89564380704186496120811872870817604450640391306408401732246627808729711225136739073262109072994087488394858318404240908385817481635e-25
61	-5.02743723102398099604788474046545978436702394556839619828917243056741148807554458139870048804473582703101395575987604413107343830021e-25	3.23466452897354132112778577917545325623200419219350613152228291333639731155411098246409699401664970702490987564400277042953666068373e-25
62	1.92006069795315999705717464358816142587503923576186788942258148047620440971446048791402169450778492275545807455779612508712799259452e-25	-1.29135337026264714252495218768368945638381726018024298667615929497252419996005347225227692884188778503050692577669721629665039410935e-25
63	3.9326633031252059696814037633426645061341201294591085254992758270154273041341365761628374674973554761137138065211224325992420993487e-26	-1.0307875451011991419597393480809318253828852095829978165861177990607811791086605118888225200739354013113330805247252338450327717805e-26
64	-8.8218868371309559427042538616893201625561148104799449475465393453270591016005434976091323768301403771836673051577717998927851891933e-26	5.5285898023203418422392059398306876128750684190507459436926151218198250568497883458979407607196552323587288741646308830942363985846e-26
65	5.1866974642685080498237099591259371052419206790152893684342931390472102647571944980778759064616808224735994028632758077431643244334e-26	-3.595536488553671155840418452939926243849209273628882975190634141928762959565269133329621711324113213933978565078069582490253425411e-26
66	-8.131764194372345031608081510798240629089519258772585312346346822641238985637995262511434700500525726719507761295683712575142631052e-27	7.270185747388054560956844376022764443539095131806639365400298207204075942420853955904272331972679620600091465341586421184798947265e-27
67	-1.1992471762665139191826671670699888779182270899535307211485798097677284312195264064557867059524126310716501417997005053162063297015e-26	6.995200725788471269964016716335205048747384185287353513779795292871030689021755302335813214183157946241511091263591369856371143934e-27
68	1.1653894633480743192425427882650699263536576133132683313571597484909562236395436341398939764956148162048372321226341323743497978266e-26	-8.163128206375859808312479017871256016728113228788389010222542461253074993293526656379659686014583671470821028758411984746898857679e-27
69	-4.867101675379017946541682555806011901147376048691231878916245637733902380097802229566793007257495974872494401581368129733305268412e-27	3.618623195388357814908805465931515653004289179050537413071423314444424131599826467706048311381023114514594107161704954380591588587e-27
70	-3.2328397356173263214202962023455022503681851311989239613670688111867720734800926971753656054423023800716392307560460074909837416e-28	3.24694683508373907860843186886189745721260629162931297616838764749772874377711769627345409228795607644997312397990184496719959869e-28
71	2.104047835069017010775564948507624209343330324686829843486802749136525484308703613955445394093056715733932375060791663632379226863e-27	-1.610110014519875543961237085328085881437822984620542694489934817145109022378612539297548194697928156570364346202911955862235541268e-27
72	-1.622962335083038122950295754736000571324055043475448852443884553650813433244776023205100232577752809567883019414399748523465937705e-27	1.059331678541236072215562723141967220950609707738328265082550513386470643646875232309355128191110088933505909399719499897412677625e-27
73	4.76785338699053651622012069381624706613036917210469113606652547999318310924301215603002420923981498339076712596783697424559581253e-28	-1.33710469832862145212226413386853609977987909658450028113646865712103308666916125210745888345197083295248785216501988797849232049e-28
74	4.00867417186219259681238021858721347977978995833325214649410821882779600639166131498819444422622127205389831572239963632414139342e-28	-2.86303358508326135788137149160645853079648126771179754086580996827225739005377748958298525001959130480544829844309706394210843422e-28
75	-3.48824010623028953032323566749976858736035381561154681351997268823739359083400929497715638131512515382480430267980210340257080252e-28	1.6042838416060910128168865047496269537327684884200591153137714231107679968994426095108420019569762659461118224509630103036194851e-28
