s	-0.304656296507758712707696190854753356661937836997308769426477812336428989802624359914800515707857207542413401540125956889696506219334309929369841820375287031	-0.162406706078989947058830124225922373134479358761936450709204733687332653162050470796762389725633514469688956218991504902431119725137370051041988228820538773
N	75

#1:i	 #2:Real(Cheb_phi_QNM)	 #3:Imag(Cheb_phi_QNM)
0	417.42114961904056833053883870331177909390109802818982680056461147784821535092637085266407086817877841436112018230440919040079905522899742432934802331293407	-92.98865554223425330931166316959624440878370303130889391709380258106865028273498432275135236723402842657673160040910053088894330684493881775843707524974
1	-86.6030118871500753871315685875562370668548797176631463443895865911815835241343013207457007519651431372518347090484023390772685021788929190599778834033806	67.99428475437037968303056346916919423356744087382016698535234670443477655768311075756558784826022687267020300793555278287476090114003860750388899060920861
2	21.56878229897674701747097024857844131455783359449555686771974566240442284818123080891332965836257135137414113143153940091997046785244991576646348920186666	-25.13047682312752025114775449053931090362404068172378250685258239204661103167495517173820163446868410863098501281362560358098507127813141347521680375405602
3	-5.36131264189580260232938453517734139620066612266647533390812201880021222601738450525126529096272200442595418734987143830229731094531279612742974689787367	7.72072247204820856198619004853538010757300316434648326266618804393198267663292786836438882579818033680529413225350498703913111384974549747332369276404549
4	0.96312288531527531133689337252336446013337598788701007498879089370897617482578984798410069339969760172401641995897307146121695073460210526969110614347971	-1.89815415562796763943513743109881405895401410690499441535535550616321126937908772312562798488899243651249136900490899041562463291118324973337692727625297
5	-0.1706959086636098896288035002635941283172323314411923048052246402124178225885813014623353835216707630421293328223257906059679283090182711218592625967741	0.40095439440888657794700599882929482344678472608023333725219205332408057686518482784701889624612663428940179356325038905868891511519189189171321445685704
6	0.03214344930446100993008467830696051366453066630562050250105660952991358465052422857512610384584317566482354024556984597375740313462942148003982786689872	-0.07218530200843418620807973826909828688782309305526791711547763295443687385745429204209595911360898183238051650183582167650840418389785769796067796311089
7	-0.00666900219384825939446575476422500985696767740220614600151181942900433632825903712306218468281077959120859998424031241413792742451829913110210943906549	0.01096129571373440119309054036773866149253151131320782716415621049261579109281765852659765436577653393886222725442333017372470010858435643610705736935871
8	0.00051769407654354833431028419820661355342342306825692850426252032191638217175562586390720080051532488336791790231475665025077025041965617581657656742901	-0.00136772331175881309859074021629222249168479800121552005322252555724040228766122442902335265157301033541880928664128649872118360112180004399600832221328
9	-0.00020696766679183647326893358069270271636685979493345876409834906863352621225721962697645064897483690445336956834250716780266212458159481357895674307886	0.00008458077194325820876013641477252703831266647946239463121923426183259229839129628716607289596457135468433414787759937479828900872830142058644040900799
10	0.00002954108077621688422596061902751299451833291509271840422495279063814396556364647961423723692994535381883150024317006163623150668552105034431622999668	-0.00001446819479203194757792665748313881808084996522338175344276401470666104153409423371524244677302344555285858381912791914004908562123595689919934841916
11	0.00002484448298860857586519777197926771852108335542893230383627947337969419292675827190258754692096695131771577111818959304959273707516821154499596857393	4.97050268768319217195420552605007996833680332671930884917817354655403562636501630093174306814072009656793838384110079941987418016235528303163545827e-6
12	0.00001114266518674042293829965030575568101073405329789985794166321074490445351508097285706667524977314844941303340744016969324366604458713042521337397325	-8.6786105113797628354401482052600040083210114159530655196075252703634157467370042292320806068846302999723126451652951891965304484105213606020138919e-7
13	2.05517176713013895359593023478310734488384915386373485518593353630912105143037963542333400537995623265516008466922930051801837563790713358381609267e-6	4.7825549544178052948311110217829495573616614239256401124240134379251193908986364928362621938229536615243929882455585430678082998903806451630982409e-7
14	-7.023375742360314012092565168654690164557735052333447302026606727329728193512512030306718371880767480850498314710950754306202934776014529492183629e-8	5.1271072873023055813140640847351131785547811389348167283889499606635765815055862059845171638390903002387079208690002969699293711519166115493584026e-7
15	-9.1400082086249336836993142022670724265124375755412889265834429420317294409695976343990894481119626592159177040174140074351836286293434453216342465e-7	-1.0059588751287895882548044770950392704838695702293467688741576542060163428487610942438863257084054343789065487406592025978661273472398091007118549e-7
16	-5.6922317406008668079854331345086297111793647514417561512955724742015540523160378511319267221679904262446852757969356051267623546093564493158091921e-7	-3.362548706940782607120089392113814883024827016875296022356323008835352500533216075942033905630054664133741390993851869956856727673709471469794386e-8
17	-4.56522804739059696199757696161559781711832188695682241093056357501706701547223362770878673640618015026058175609444371565981189908746305213767228e-8	-9.39413482706232531751656905103146997826681482284720564993549537869764278544697985008357176652609803492627141811674374028629834520708026646796909e-9
18	4.80377362621760189221903716048419202766702314407346622240363191366210845374094480292224819741053510607002093047666824456254410086747734154053334e-8	-1.367956158500644283551299795792553915706514558375192461032364473551866187364631708607299929800209004461101778807032163643516381835054150268158839e-8
19	2.647875768896003186025676088008054906657646319978780457678611232393381539023356299389982267857657693834857434249164051512005718083706935367729647e-8	4.47999026316122336637357932392990532411045151353351558463797728011519020454450904601295480962518098159354478758146417372095624641583847240619573e-9
20	1.565987648213400673295490498711544398964367955862296485666147906399822481381203870314291607362100377450345755321058997736494945413789008343398291e-8	5.9123731954967811154719072659289570737287490787655840227451344148021356476364098060656508825335655827153297576768976107914474282822960469161316e-10
21	3.70272585187116147610130822612928191041052927940115335534407966580626809688841762236855723326777418058883982951128200079195191045153300965033549e-9	-1.8180359735810541378358680150092808509303014390352360848551265590810642599725238810429228404054083720365674946348546160233198435858440042092158e-10
22	-1.32340808638069040781227118091479590761507191680935928647913230933374302763360224343450469731536464441972676273620876788987022446539813687771015e-9	9.3039991702269696105854064818816884442604647145445700615380373112489478100088372035439939471164866442424790153196224868991450553636048600678568e-10
23	-1.69772130396514970941108104695828563933627229581385674066826208979091908510511165111435439894243224934005963358926586033532382934890117761765319e-9	-2.1929005066110005356606923402169756126035873863277194540638672676560171954776729510839055042735744168951567554696203702226809911411085873874909e-10
24	-7.0253651809850237531881182971915283267217361863594538829915785964963186907801345281137820113686095823254646969884995685435661905153807558488924e-10	-9.620569402874367006914634236329758431276559142786034733280676261640197078726466856603949141575411374559197230022473178268597639562066367310091e-11
25	3.920678384053829652051184468477267626028511631538371638656763127449666450401065893707603687596906056391469834910611966914155787710260057191163e-11	4.205475917953829788836896469172388018972289690527399828119810545956423852981591972349393764238352357213136763633977744119111018350229002780599e-11
26	3.659832373813240215327775013871195076193294633350882365809666960320731123227535542739278598860011124645230115908081246778514982442406308349262e-11	-3.941871538752189374759323115061204303155722452005848285138851628479251945451475093387205391950026625040863212606892940382430134727951850110447e-11
27	4.072198749400486426726103820474891856065455658252263793678902156597816263473735321536900595539891295168430167901497743067078277218114247782186e-11	8.45759493731624871885742674595148695346266769088401377100146094240585178347358369549977716396847637895302019122758152818373440991165999836511e-12
28	4.565484084025929043580699773086473448845044041708989443776774226041882941125370078335837256809824707137105620617431567393019152038685769024919e-11	2.85043039518342379199768850081983674458826720952291915546259417972520933361779944160604531719347657784879101643061340014135318562822385473184e-12
29	-2.89966524642527535061188298081712722304515309551123286512951018062132852299210774860428008009825003564394926739112608640575771392245196203159e-12	-1.41138832579693764468891383254490036311491051455977442450651714242928239672317143417123126504550357921859182152334692080353995317689976339235e-12
30	-5.14320507658512116087865241381699824381980397979472719966538918929616774546303522084218836157137062141880195530518706143117411243411271969796e-12	2.36476715614516821867195511677689056006258944541612961678421350841121739120089843520030503162987639362661098650389367603668812432946720203172e-12
31	-5.1758308900303862528596457076472262372261531283126988668684762236397451073068302189286357045580963642356692339635682337626843019417415694218e-13	-1.19038941841345830215920393052626277749732685528256880991638445931811567542043156466269159336183847865862795745326666714714697112065815185971e-12
32	-1.73295408775768485102013705326059162456008883933072110922621790292383078794851792059667165409741262273327904258124018130407284140062799570295e-12	2.2258115731541761430351013635928807049387449927173412730263119276510324483892552911746172583327970888237473858188838832888755198769774105555e-13
33	-8.466455193052709557767161295824177721737208207203864425691817641974582023848324665606566217143380399504475953269064145022106276586211200458e-14	8.631424556453458876250876473076348558519216963134121522233206900486566787727228837881174044252366330438003275098498161972533261753724868607e-14
34	2.2803117006695617477691476048847312255671128634581932297818538306152942677963373005062594019331549788493367993905755459383526192985450427399e-13	-2.2247210396139238315033432808077269816667205466298828584786593550765750745365443584562595915070887157513116476187594343061442131454855528803e-13
35	1.1138423082998116957658588743376734608544229542767883034462333576237468611598421174108870888960640679159372132472790408776130662055531286957e-13	1.3351154243088360275590910892277834717434804678487533652044180581000580683573462233740974089359014179883272390083625174257279586418241715481e-13
36	3.814014107728659814991002923145652983934166510364377364194473911271120262446653190344532627502930533936582004515460785267169430276826455395e-14	-3.741251382065139999123409081720359680855929207354013648201455857702334749422949729439456094841056388988207391748893821632408892578772521214e-14
37	-1.469085309331293642688626243805530611049372150363935152327851965735025265881868677462259057262435071847130733504202575089695551311478542812e-14	-3.22608107708117012599824382367241150888794657573032943863465059578145554464907717978354772847757366667089699051745805915808085102784719392e-15
38	1.401567979914887327969172008802874253933647742553739579270276463323208788512356972730601549154193371189498391250236308695919992457798061846e-14	1.581931043365810576908299090711032626739776511383067396993291753622589446787742316089499301166240297650617009834026253172181137753784996148e-14
39	-1.578580589683843654269604027431319767281262537587190421518436607331823686689006583507135280507580167504157070385809200947151173463454615876e-14	-1.119935795294346323140358267966283226606762696522253638542679070501036047652612382263209871734377551029104123717461849286624892739844205746e-14
40	-2.00407235364151617364820887192439735881857310722408515227409583434271635657400886476036969746242000679718402216930902535515026396563471842e-15	4.87819811106165408162012802850230939446817044163739962471438168301762369645935628274977455112341999958024958806920554720173746572760423302e-15
41	4.30305154437387575260085796127033976126720197733604709266080242499276844574148739829478184901258612108772685734527381724382359276056302625e-15	-1.35223587549811541506772216438264487087174545025611295768687826654884058008941244696966963311962995956998020090730224206065814391584697231e-15
42	-2.96111765586129872729043634163016155894728565950504031653415363059742175034186703116604609573931054470190462920101084580959446781739823779e-15	-3.5778838338521627342961953460289219555137099667853099060099106727509915456432373840321042091651954930494703921868012920375540049753717887e-16
43	1.40220691018449804592323732355365914228375163580260999257461687694511535938582761408877944313618818149997694633300589781540728901447473719e-15	7.4651969289610580056361462551000040530371285950504731294667977552595654017093374182639956216651125418929941667616248435145283030524520401e-16
44	1.6411372449118797864969706422548080869350426811183624938037022224807890273421277063659015594329262280960949434432872585579755602402389437e-16	-6.0589018134598025960272406374784314646857420505142657213266089258947566293530803355858078488427446581789102928432789260858354923840284879e-16
45	-3.9865821400481155995381932659161179281417258567177362829670354853551386774812030093918484415978552386512164816737028798751777857868493136e-16	3.4709124447699014159852240298574938839521486781187736422665601058739167213053291290855705674769456948515588948395232493377512613465359282e-16
46	2.5355294656116465715376433891081090108162432359912258785505293027088862952440635214591826880482321129803747560681172071201341159200603898e-16	-1.1491919125979729752746001013376162718392948777546577533756334350789983703751647512916982578261600529054568187248654198672945541580722668e-16
47	-1.1540686569832719084811181616723446751159907554657341975738922555250183880830240681827832265852699439855826649493755896227553661906856373e-16	-1.335232537324930698589479668905397115152029505573052397122392939348999953514848835302477843035414725233784738213766681301057740938689582e-17
48	1.699217479959451313720001538854675658728436749843078060281597180113658719260108861028725159065855147161825819181853571388646557904205238e-17	5.435411757591067465859483560075361215171201003875081984387470058366123810923675689988396636569126648450943228305348824291186427200102981e-17
49	5.59801610849437346042220821291794701919787701433572064043001188061848538016389609779524217190333953727648450446605105614614706313660875e-18	-4.797152182297241744671922254741827026096757922576182110439849121916422139906850075820746209463063168876765987249300007254812571104793129e-17
50	-7.81956085734450779982220954535171935794474686420307885496256501038215416368511463806458934253386369669108434898301924818786194759899729e-18	2.63363397023336468311363542315407260526099563783160590398208509271350696235831061117581663417441936629234208674501457750491535918310083e-17
51	8.39667065713099891465992856539699589632620266855772784597729822512568627092405290367292620702378083331889418232103299850375639769330641e-18	-8.46499771314716960448235882458698787636680781365598100447097225837154128876568003009357091341460530076795320647684517432954670258326019e-18
52	-6.58412598927286838890234468897621026934429221964127846852629296488753420012707668149858799732093035285694081158429771140940108332460717e-18	-9.4764649172053150181954340105068463013207780576847255253508886905063471941236466410781615364918370278260892166848739257756248931888306e-19
53	4.5458766110996757879722647239234194911364295595279501690097210549846166128973094580637394849587156781736890633221408646591337950736748e-18	3.81684000190607315337200377715758072231814177112469442976306785689207544083956273816197991601646440320680623979375926059706664949420766e-18
54	-2.05168121652242530081387455448736709004551785900657018389451131793110613364416727457804916944126346363507851819259035275546959499110049e-18	-3.35308584599914255208528359327554113908637354861294664817490624969314036373435926836377377576264406055659806546990081004045402181405139e-18
55	3.800281751794645927925667302802608708060513981517910481033258593803437952001443387746710831651436393533335110349827678615031240385218e-20	1.97201047083515533214804989976364780866914495026492799110545149564509325363695480226376076087784348287814765318484896661471312213916663e-18
56	8.2764529408109188504219063903019059716941337319551667364993342322204003639273045200226413084712470523538827896529994021665379419748644e-19	-7.8976895167509750350600351687771303015683542312112326648154522595972292576314986287901447554618226101737721250266154401089444430367072e-19
57	-8.6683320903008620623377085792534989705593335663317250875657665797663104460232552431831441330630014032784853556855670031259767061340108e-19	9.208333054865736717802577808405817331711956452103331539397234467615772450741730777375270233219965966169950552437178395413890754621239e-20
58	5.3034779817677848581009846844630820465322420902451016928325099001205553207890109493124616862163036549731842991390374806218246380095062e-19	1.9471464874923493859535446997856470590549774737044228245597588914609352530027495755823088550822322025271113450769085230350423343314355e-19
59	-1.8593117970632572487588185964795282392118230449836558356594043285356311185787275568851804468218964565250717370951030017919538866427698e-19	-2.374308035707115908858228533903466575818046628651114189081233272738934543736605246491180644651706140871322011331653099808334745236791e-19
60	-1.016297832034635134539038873036383809833541309044571796084774225404650039898282097067784005924809345166874981207093055088760145743354e-20	1.7458475113736835234836236614064093349225257171032835974488599327087080144512943548620899094687879718956769818588337615836425137343497e-19
61	7.345226849506905042409698137240800589409783595542997293025396520428190288681468015318458094074014895859303183899572839999201760542486e-20	-9.150339488164234655989907769134354168250765541266241058321692269612518300311760416588132189052987631163628335910301344598250882540958e-20
62	-6.571334413993722019677188537662707751344979909858710342210026098955026001173665217174767502608416643428861541419474369482482852988781e-20	2.791423759119413644928630513029207722240105140697345011250983402661824591508484764954718068808124836302674936374531645530671363894077e-20
63	3.843308806211608477704482016944299400220703108122223525454200110671175892114111054731455816162631909405948670505662978680099761028463e-20	6.74728133900915862126480471546630595860745338757897787891290679895328740932628092921343752622791787045141357444789279490067747713973e-21
64	-1.631857896945792764413429683079956982969919380782459325962471301458065574860426530031547173171262563811977559736023497547961378585134e-20	-1.811649684035553285409681363067848059133681862718048815540499965115759170844698506941209248423416303551122504650684262108723247417885e-20
65	4.01123938021165548286822973035695584560205301346409189321698215924389328795807568099045993456246088778707756606625239724993657768683e-21	1.626698050266576174876793284810342075886323234582601872993035165287162447219993548841310542341095015901069010051896173062941139538628e-20
66	1.21019263613688830713692136303777354948725229869533259334053821433278568131975212081058215716836999215549454136167809803536070673009e-21	-9.79861763825822084516461626875436060021959388756156806926540335945039714061931812270125202530760986176431942335166881173130228980862e-21
67	-2.7955963071488843361377085528104736044699175989457136858531299545666544972223255111792408760857886923929409913687617135881356968669e-21	3.7771224850625965065407569357011205628823030077769957376624367096065626954046517731748256813722974809763919630373352318782289181104e-21
68	2.84098250136481389601374714355889025380736444357637251376476571968437395900574871237611042893977101710428184250766089659366961038904e-21	-7.971135340616926574765074972620875917616460011880077084746568270629211509606614365659998579066115041844712635361471567774040078431e-23
69	-2.25854875625886659792079805678876570764611543763641117574457158174917829607477008357480910932520787462396746438978839956530555624105e-21	-1.36947046595336117303151547000280380257524123839438885298379846434652578633401334246790023553059179655383243819466668425196514122646e-21
70	1.45856000320945784451769141476913765063180451697675518473497408749478625282369037434613381501366549495360763254922768561941066692758e-21	1.40833120319933596385467992273277975551977538405943756401278860307494338397637526725081817192662399835947274079104699112230877575018e-21
71	-6.8444970045327950395036606965811079641617582904728413142171843163147294604646515746272543746003653241464475139981254926369645341947e-22	-8.8159043436746258771409347661227100651324217274140551854008758061913779097240116187648074462423421876140084330281003979948169968088e-22
72	9.050102335037892817653156628081119499355989405523132860025720476968187419587773519676526072324545124217111423675824476896404415382e-23	3.3318638212550628752209358825355204118353710034637163503494044836660527285050192809931585448018092268262311967847960968421763669379e-22
73	2.6652688945102120439956456133626173125009025599543334207874165968087787799547788852045930028814846959257071742395626572993923045871e-22	1.416497770238848223923246161633423937672564690432173829678043050174826416103519469364806103040532091741448834596241938114166291164e-23
74	-4.1984430844597522317794097209904799908352411909307822630777206273959582835721979997957066716081601474690706842894728608485289711042e-22	-1.5406330259552932206500417209997267477523208133349379344025895138787260387457904810157047615627720323290830122715719680256455208046e-22
75	2.2558132777191659276468508466744004645939745003283199752615480193850457444830195362309282626625982247482372310038528366210449046664e-22	8.974463112238585534518771410702314815527639447357889001413095401814135248089785907508432636989954181152758597839294760485267093537e-23
