s	-0.33698724679756641598782900822950097167625881023656453882587797459690471693875779863237267463257372057034019987821159543205679457839345027864526269177997625	-0.8222125082124025263236332099188547359768893975201992386153890783167679403609869833434363496556752649989928989063270507220536388422672371183432746660572731
N	75

#1:i	 #2:Real(Cheb_phi_QNM)	 #3:Imag(Cheb_phi_QNM)
0	1.3634734168558821276440606804886066973668440821530660934948554563195953245798405023793801520988123880849000726181390232920415272517504371716381367193351032	-0.1011544562098025661498106463804277162031901418190384890475705124877195546807962514204781045755257207553337190359207854809880704286363472667130185362805384
1	-0.0500537798535907154889409327621350435235859567820139990203705592979333580407171059750967447064442381757593081852778725916233415484212664908497904002248266	-0.0367968047837503835610996358034676580383484344049070111502117300830623357096480869676471755756490106578305127858437139957724151414857223514531684341683382
2	0.1108036367133119032542308148352694290015735638308304763793649205407159789120383249724851955378754661908420173561893031487148837945222356817413574083839211	-0.0681382703020539836672677987035168937933905900304618824911778174621453224968583429135120277192328642795849981509872938915439102468081167750616988897531701
3	0.1579174665514781137405637066544035728353865173295269785086913433807300812293650481307930680487598624564318841864521364536780920449666435189130843959045667	-0.0155537308653299222538990114285737400680374144246939334284892034109501422407892261378692214774084548242833453451291814374517167499118739419241513695540197
4	0.1163996385189666335480152651689771999295776300421581151826049660227791826561641409840146097978709214432558019663382507408805079066327063027897466776656805	0.0486618584052221063645379467355987010164817760898687329811556555605974315797861305903246696539446965299097035045740391793512646174352356999433827490547532
5	0.0428351667340251645420249747651040110474524396069043550513277838895061558010373144216494854479991090209854568474933969754010921797322434351590905376208709	0.0760097770607208603758596529046316057656968538095530915539073112355715957511323237916450835995823950341967520847752085363226430039247584286906706815021649
6	-0.0157698260321502393215574517044910914194663905151304812456450291659663839444879776320986700459474340867161353855327388517006810441164503193249605369793125	0.0564051176257723254705350469822544577756968334955363962802338652497921951351390526791976403479126994773101057477787746569182310960932471917939168047171811
7	-0.034743252345776466546345286984031359019106923608395699980132841396413526899073985663239832729434122325752693795425325538036802688572536056915192471261425	0.015031852694944328217913633333912014739102612961660274561637760110513162934651171018237632883079517815415812057806596441992038005586029973219643210771058
8	-0.0196906196491701059077844216146109798053984451193655980333386409814360085849111278547885982091014473323444129990690298867316200543234502541150353859701585	-0.013109022949766981669562375683016701636417938866291756177066215120268431690054185200062299956800258711839931699755241751068224690365894301236145799165668
9	0.0013759503722608181614135667633862829802034037323364397536039879827970729821242005229896425320682822088850166681662135104930368456754736283786776041011627	-0.0145359462863438723271732955359980516777943491669965108851783291154078384302062595647915247751778886287435063441190125000584665839603180619394186634871587
10	0.0083899330583295047290788621969727903261844228864399322655170177111252641152184635734911382194242224100601692922271157637753416369138878624825083591842661	-0.0030329614909034804824681732624479907971893861963063211467220552443744337365452394531454354439035123280095841973507767673488524977213355200770589923561325
11	0.0036797373176128063352396967398467606963366473409096279853722143769448664446170708947038517470402014315136500135425232182447971872443011107119242224878865	0.0039228439861945580176423049059085257351769266212354920304629399212012440835183982651161342651727295596929160351364218132170252854321088683653585192435513
12	-0.0013434111115638734742815552150341195527524387161958586651269557713268954745682351706145999648466236053581361042719542063870049779044757414209073923864363	0.0028971573995124443815123790901506806417321320423274362930418304625634185045609153155631450602488836554095055654515993160702948427888209090615321318066457
13	-0.0018578706352221710660130390582873938198762231860624057446249390390643233856245807625000594945047717923480987744287251225386643250205978841539679614648181	-0.000126886084076903810611642811900771251094472483909537095036629798584919535294098654712735293517133687971956995106204831020047610691259381885911644927678
14	-0.0002978243332144738420407676866684561725886393030673466565038530124026142767969745507639417768029708026543799615580846156381516674557788281238859603979235	-0.0010239160232351090307328330844937016938134787995403808006614109360225006128120522488448262390351837522936136844772105719846130298722230831659989485105786
15	0.000487877348541519384691861577049194556341804259992371754523256860029581961270856941633967732793275813517922908961872409079482527150065017343861692952948	-0.0003496842150755359329588152589905307884123847762430934481775814831681735482301643643917206619762324675314482003201539551857299091703065431832308803977111
16	0.000270440586988635543953293045821647468820307872214711287622536181713724331732374015247850985915256705236122810357795774352549816307378430445939700713884	0.0001934520726982222382244252775574105477531368872204564422859044276862656136817811714927256727489645649032155579774313062277280794761759050519179057910148
17	-0.0000540512158725319574079348939511527578327837467736610026303952571007751712649074098299542558977454542823014364926302002724512730637497763207725740185205	0.0001732600664334564391736331882356101526844589939991798030413816764448311552979103609154631040231678947456908469255366268596114514342479041437454647765117
18	-0.0000977260497939316878099442772444941532877935767176750193187049522050196895727551162736503621441382924868012001817239453840881419698665797088999304162434	7.687386684394516897240970670413787130534417840140879120394122740049147395184425570594583010474280145522476723889217404938533599122778781309115093187e-7
19	-0.0000158931763961639714471416541889087840183909540580042600106106262368049040202118979606929914946280237054596400582535803348515825857905702116915211133519	-0.0000494742259519933925477084289825611797609735159993900684952586449112382158058938793192700240476592087953717424548787185878236765279454132610662409246848
20	0.0000224277166925064002123919835181733087426799910931584439646374298571800481551871017750828563535949200304683207505616853708034998428427845678005559228256	-0.00001558357059892170633619582046157474813610340006168133069416155892562866360396159794206905243970818322800136606473651844272721901473530233026384984501
21	0.0000111026603965516270424083644607125584451031187852262362382157078244724083380824214732803664753929998209448947075226257179718311045270205273900792818567	8.849861591376917489024535183336973028672107167715588069122494928146213793485353324580645972638992597762589804308923552198944136756581191219257639099e-6
22	-2.7626626443811889323832263342804968290539332111378534047549559149025485125759722823304394193204358019883718096808366790299491886702218452225108163779e-6	6.764984696254327879553550996374868777723041671472463445872424867278895980070148957196677352994557213109190270938121364080708249339877613595706801113e-6
23	-3.7041494419166215196640268212377575387596959819062170014982706688426052409659601476021939942881052361388267746540727008966054595482320485539693959201e-6	-3.98870970797373062302665366311310104035239400272111148327164427541405326426216624774677798814365948189518655947377581041184800483962246967437979564e-7
24	-3.1619164268319641230668973312310884979328163116396539061506200893334078594519087323271127511225386691887754823904796292792650524366780141280513888e-7	-1.856035375898874241759141041703443555231289148238612278965438976293857303366570198639430107214176224389415293031497911632270639264322205223968126667e-6
25	8.535014585736475577656553185695920870530210254695447204436882746324068006135859763522642226654166135910139755066519573610750459319334516468701487234e-7	-4.025197046780093577044675397293262749974117232349726385234365923382718997383264706352516751518938356140013777707540922064485096099797596356561686106e-7
26	3.055034104908701268525246974768044385682583414035807751042367315986809716784399000307476487327341054058733031108397489887910385635116624515722718581e-7	3.562567413943567268824513857701977065291707966782842288800869344602223848887841540516320913266913780104662453503594393736018042888860963017791970663e-7
27	-1.303028542720729640437825381570778109741362395946195602619966412278558917980196754220098848552966417841867704765519379987350365438663970818607617902e-7	1.915880301301478206807837003041612600301688434955263344616728660117738578405498534598804524776251583324457768722965721524190383110696207322415775958e-7
28	-1.072590210435244683075496380027195204742613833670202867413911072085128665427120823539036322526642948343027701904561601069689633182763909073470276965e-7	-3.74383656114814089004587986555431233344564805417784829512101812389583533286925849739869611861883864094302447666474092303690760059923401623199178335e-8
29	4.2805872765135223438365304536214384434553752999465820082832952039002274177992103666326850401672764131634505558266403476679084978066431625440808133e-9	-5.51735776716695918745604467019925849094470025639219430153897665404336307049963238474941886729823173694024356304519830016474943198340240182366378615e-8
30	2.63671164870708913676875672458618213575586716305000626177556038725371050061672712971205001886241501596367665062954265342174226601609248140828508662e-8	-4.7470042802591534514452140292124603734604736962490421526128264448212137566918202201111573431650329635939401721101998212977964379253907268278162822e-9
31	5.3870570515516239353215983622053933396576884624132355304502567153555113774057141332278419005538686156548589404351092622289651233008961727387704906e-9	1.17150115301218098646129070448009101806667429271919088030690631150898732966502403275974013742872706054364489235085452736071176382517955674892929161e-8
32	-4.7933700142234825348205644701550347805805046687274772216556432361820117243028687994132588285667662834593816667957626267106168363556339803543808568e-9	3.8871842746520203945659273886060709924059406902067543500614888182399006519177775323617165572351660529225265844432493496611899564113983294470563991e-9
33	-2.3541786699321226095365151247613177802016524232758284846679446741303568122293360047499482751844169043336037387876033532237536154445928732287667129e-9	-1.7579832520879905426431458053636404594870131673245285012504051364954330804632816349664416231634355784824571509835523661792463218423692138959631642e-9
34	5.364068386403937552943080270027355931848868308935219520639530735307330835346245745570439042245181473483366520340329399264040669045375271716847336e-10	-1.2842421902465915023372660098200626692567651098970284449157170904469948824234005200061235165219268119852002240832579923489128840784276265227444989e-9
35	6.485250138484637901295301185617093455843137251655811087995855314425807544097299256836961909913327950943223785962658968690242682319823631699628561e-10	9.93614863701812230671703099424568489132910021510515463521757013521681136029182376382990070034701086411337265405212878101495261020178127865708525e-11
36	2.75447939010391369358757070381175789215219956673106250487048098001733237540928044229105267749027822664309254903431429562788423887438206757322296e-11	3.066326733333627819318616140208900361707980880342663023085318818754756607252416809386428759873680406909013826579705006753849070947974058513886238e-10
37	-1.361021052582143951108146650203647944050573945473905157749841242718989244781291881866568024000832873664116983190084879658417915061735130952632589e-10	4.65091621648273204855780588148619602755093459978680000620724005541408103767850837699728396094733334802879890254877441461562424290664872160252036e-11
38	-3.59468500646338853502426805978124985999969245466976081861916246153356343119413361802149647636240688311808977991452192039586805337741081945386139e-11	-5.6434762433693646118004655580839372729661666883973274555577406620528598747062257244281395904869178261889362960320429408735268745636328290019061e-11
39	2.15260846946091844486246668528111457522070990258613949651420751353096283794468554392639596110428607885175239182603215637321559987963417255177828e-11	-2.23100417393827587380085421060306722883110403821628605330075273255624890213233009152187395619815493619758399778219097841537471766543656645307088e-11
40	1.23231397535388415614797902393575518391134220520025513818752266804028927015452845168474323786074968311536831066793484948745345999446095881369746e-11	7.2708720298419171845754540282112968205435266301586551635841823400631816017071279026308965140729033630772637007245164839034167639614534448307579e-12
41	-1.9453366808509941173179310556087215573052756672115839200942975201590236710252039906883358244835086335872666373672396474006878000083223676849383e-12	6.284869100278711235982133384511548457793906188501337147279696835099971783328304163459755593341919852555087916954885114311538045650256133113793e-12
42	-3.0070955138994915906775898802932776415037491129260614528869402459559242168703892987693534463805653595853804697091714328940627715465241372823042e-12	-2.072667494048451407554440435467174625348309164881294023833699541221187126392868962567138610925181277369290791129325588313686986832388156887726e-13
43	-2.207218534023666176528578317911489022150552631521086970762237875302043312515159001878360236083849915116813014094427573553957720309643848647616e-13	-1.3584068173223124223237752663216300673851760518355949883930883746011478534675426460012966126779979866135723766332236854458050531401210685774905e-12
44	5.793261564965994696863418707470764274306593702188940085151235952910644170384817633698162955626404897042514653341172551542192272305151109430903e-13	-2.378474862425012033156096271150587080891049458001157488980935698507854061446057950291309232615610479592729997881555901871366973269751263266793e-13
45	1.64292899761953190560828862937358298882814324880529802872470670741552854449332801390855338604408018763496853700984267801825510973781233752541e-13	2.317310085833760981833277219270185569446556817756801236843928357609818414168904416644403714984020977741441705478121178637056983961042509882474e-13
46	-8.54864870727117842195440415296100491679722743248316237207115082470485497221409538509512760940223121125925010970197266519831919551588274457429e-14	9.58688855180113878391551849259117293933962524599371119932958599332000979997475481632384899385715868854888244845809711872081472382512749664907e-14
47	-5.07187407638491627312146491472075088987428144284736699335050737005165366256564019682892013016690026655939880138079373046625041271360927445359e-14	-2.79450587381666590424516498899031848724601418168549092319342807459662774588862981255894220380875283053456719484953104666212644787404493080522e-14
48	7.1983838461476744815238086814079079452200569713391412288940597455086115554313577576398794545491368723646275717740379495166961998443816406186e-15	-2.50155041904282833874537257082530977037556988335271689501212876103251560536749633445363552688221072286983595765560385697443676127809209465301e-14
49	1.16488754640062181631450942893143504903867766826419226280571623068964718853641402097079360901605028413456477688726113996226792164429724417145e-14	6.755133059516339883609345997426133523162706885148712700376888140461126647062519696970410606605930974817652187439777090982202345582861246201e-16
50	8.475735687466408517599796879983239051605324156117176946401199817371258982163780603690973203451130961067932725091163912664463894194265304862e-16	5.1469209341976455903590908835938683475496790525497119631042117633587423191405504404150388733558472886417333554018299101486262642902963408756e-15
51	-2.1569732627368033809801767635710284621366369209535591491019318115626279316326918848078599804123639132690892053703277337895608800013554607197e-15	8.697501083556962136424467734120873946767337881086325359948312085888228726419774216133453344440318954302330950802838389133682401179448569596e-16
52	-5.859788570260995305211970173737531933453469923556400787915396523916761799565022530791566134426727178145723116284702412523313107813592308032e-16	-8.523016257035500994983775557674554121336356593244534891903345506401534034769517353853954726781204312584157661884306634726813526952391956278e-16
53	3.129184190246784435054258349021926743831533489094110778275624982099137468177252518671190342383132885391097464298198875653791171023611376607e-16	-3.355849304579206060576139864158284997094598655553128290153103168602318592287082147564089116956872408292928661333129840204726730533385047271e-16
54	1.748531752982422333558028601085430435649954757375854477759044236770932128440629668457220712149886104804214625487652506145985829099175745918e-16	1.032544556827849372241407996422542933511753984885319383790120163073720644929901762257207117368747190498366107887782869748430793806737661401e-16
55	-2.79738568657787690252993656449461603381491899096083716932727122099598332160675112870282802859456231187098850105050799674354018021947109252e-17	8.51817131040533994135266483492386636454859850826424532983232014948876718268778917117922280880083113555196180241621767827546581627177256203e-17
56	-3.92907441792466548689015196285556757769122450545223217375032849008103012965337995874879440053099688540183545766564914276777360258742498112e-17	-4.0265132418904825089539862940460381716243057235161255192430611152794971340152852527617275022051421582905592295707991949888212165342454401e-18
57	-1.9435309742424409315572293628531348422583289949889870088382507063645760393298358231698210885476693294214575170385569769929732608529285113e-18	-1.72514368606727557549021540189749519634973828843744385472242286019139419818772073752742662623713548173229998755277377422245041729709906038e-17
58	7.2144239844490581939515363224876161954721471735674761381182591004673687616774414691693400510477427044356323515101378842284274801317027644e-18	-2.4358629993110961760510888463280644463489674615432019697064237022013325194406431547334270562140260924138618673372281866368349235067483783e-18
59	1.7084273076623101674248286968700589555860625016868359005638130001038854910639021920550633913312801854533129676357766093799402755869089674e-18	2.8615953874291269633572238220979747780868816782463478440472028372248468483111258536988814033250992614149635456511626707242536570877227265e-18
60	-1.0651524722470074422121378485226405033574792718011832636108865402054631937411406730366438449296048479966396623221195040628072987376103104e-18	9.923568557644149325711925945250354921493847227533559568581695108814869776452643916097663768595370208123570525781448823888603485343245448e-19
61	-5.202516784032583120049766779216561967724488399285982936308340460006303637393307738030096111667065129203906901956241267167463106075312643e-19	-3.634046330814317238877604620301417993670121140035576307345457561225085123350854381466030810138100652037486193006241485832569691462091393e-19
62	1.073895171445227433031511915262317991740440790526385577662218033545311921437442208932748448008778258022881417216699489078045883608183524e-19	-2.543574736794590182325855862953157643496494927668272270531788305072363307151273258201440400948408844221277408314080571130526300676258134e-19
63	1.177440329848045428009808235012597027440622191817759255300436923845860234489425237290146120664540905324509458160245976651273845908095503e-19	2.26614197959193576174990819254536568824255472464517898059675463211374106937835558487684236417914525726044979619793992814013494668047118e-20
64	9.72363135425627820633094575186306015167445627675768406014843095509754373652649411782116926364764899346958447958981997784278883068506e-22	5.19840284891249980736514363962534755745761314547191665086567923462820946432132014035112144082108728116761332693051565369246468173977731e-20
65	-2.19185530889300635537696721128361347354703855028984269214496263660742283938747709727230808291172841379522180290636059716158934373692051e-20	5.073808344393859460528307751279588606961671168498255241702338464664991121311925778470577442256653609197584606584415119015641112780712e-21
66	-4.0907977130904694878102474529239352374505267019464855826476845488042024610901133687515515860827120593476963938103220906953153433041413e-21	-8.7981631705559168644737217916654854635876713849798465705383255744292930841978289499941065358782477425186512890846534885864316451050266e-21
67	3.355212939146130858840893369482326516833735503275923296962147813300953644522768845416984126110528797509788763638211702221304662872789e-21	-2.4905110825978363496748649022135791396355758458779661401882636361384994688077409998989731678640992601518988650321808935805147638202227e-21
68	1.3496164557133325453516830116113824938585887941298712208928796748584491041144920955679759257317943938770775126691748470484837565786456e-21	1.2081783056892016618147072921176085998483847585874738689321926246212928145548599688841934116310181592664628196382089725153326676562712e-21
69	-3.849444185187116088545685197366838814989513105986931979314957964711585883221076474331256724165285285374635851444530977379802610194054e-22	6.868596231135491221880856915858256092742841949971571062634171706401377866217645608222811036296164726994601994665544143691645393574756e-22
70	-3.166509855548321076678702137384151891774250942989001778114087317298520610740878759809855648566637502109067964334909080825075347143376e-22	-8.93756882404207345129634545152726394849858731976685663632547564295026839332680307101693720380056194823398257426243629374463634004294e-23
71	1.5759490140063475514027740718706777791705001795988030144382766427008107437096640724970852998142335884590729412169582055388603006761e-23	-1.288733807071059995703737597900719576841583485953758479976788437777138250773014371304665395731226890592885128707049329924125484380126e-22
72	6.15019746491745101618855251117853936491210422175775327450480295400684059798694547693659424059619713549574105046798219081954069728694e-23	6.776273117747240039527383073032259795115408324292084948359244690857441895792131503713910724621092282505763984196939813102949039394e-24
73	9.5968190535726485066663745698610523513645617800794751126443913456690937529153938123480076679141548028250930811359703338105974401606e-24	3.70033585715548709666690997629815327176304000727341959527608875830457144295607749449791948984823822141707137830993520785893141009756e-23
74	-7.3716353733043383758773398223545579472549934500311386270458346647715923996653313827506220756579982095022708092785649946201930013059e-24	1.54285500135508337853433132734453222905428924128281512014213581269042837193637838907250858887811948531002622133038413048464434877549e-23
75	-2.5550249342107500887858645782202539403280495258917495641584779409006542552581237797052874197955358040785158969948003719046557686708e-24	2.2725695318943454266810616206017173617462000930213578750539374592079483220627491646214523162967851637501426807327277582101961587034e-24
